0.000000 1.000000
0.100000 1.753950
0.200000 2.331200
0.300000 2.753950
0.400000 3.043200
0.500000 3.218750
0.600000 3.299200
0.700000 3.301950
0.800000 3.243200
0.900000 3.137950
1.000000 3.000000
1.100000 2.841950
1.200000 2.675200
1.300000 2.509950
1.400000 2.355200
1.500000 2.218750
1.600000 2.107200
1.700000 2.025950
1.800000 1.979200
1.900000 1.969950
2.000000 2.000000
2.100000 2.069950
2.200000 2.179200
2.300000 2.325950
2.400000 2.507200
2.500000 2.718750
2.600000 2.955200
2.700000 3.209950
2.800000 3.475200
2.900000 3.741950
3.000000 4.000000
3.100000 4.237950
3.200000 4.443200
3.300000 4.601950
3.400000 4.699200
3.500000 4.718750
3.600000 4.643200
3.700000 4.453950
3.800000 4.131200
3.900000 3.653950
4.000000 3.000000
