0.000000 1.000000
0.010000 1.084004
0.020000 1.166032
0.030000 1.246108
0.040000 1.324255
0.050000 1.400497
0.060000 1.474858
0.070000 1.547360
0.080000 1.618028
0.090000 1.686883
0.100000 1.753950
0.110000 1.819251
0.120000 1.882808
0.130000 1.944645
0.140000 2.004784
0.150000 2.063247
0.160000 2.120056
0.170000 2.175234
0.180000 2.228803
0.190000 2.280784
0.200000 2.331200
0.210000 2.380072
0.220000 2.427421
0.230000 2.473269
0.240000 2.517637
0.250000 2.560547
0.260000 2.602019
0.270000 2.642075
0.280000 2.680735
0.290000 2.718020
0.300000 2.753950
0.310000 2.788546
0.320000 2.821829
0.330000 2.853818
0.340000 2.884534
0.350000 2.913997
0.360000 2.942226
0.370000 2.969241
0.380000 2.995062
0.390000 3.019709
0.400000 3.043200
0.410000 3.065555
0.420000 3.086794
0.430000 3.106934
0.440000 3.125996
0.450000 3.143997
0.460000 3.160957
0.470000 3.176894
0.480000 3.191826
0.490000 3.205772
0.500000 3.218750
0.510000 3.230778
0.520000 3.241874
0.530000 3.252056
0.540000 3.261341
0.550000 3.269747
0.560000 3.277292
0.570000 3.283992
0.580000 3.289866
0.590000 3.294929
0.600000 3.299200
0.610000 3.302695
0.620000 3.305430
0.630000 3.307423
0.640000 3.308690
0.650000 3.309247
0.660000 3.309110
0.670000 3.308296
0.680000 3.306821
0.690000 3.304700
0.700000 3.301950
0.710000 3.298586
0.720000 3.294623
0.730000 3.290077
0.740000 3.284963
0.750000 3.279297
0.760000 3.273093
0.770000 3.266367
0.780000 3.259133
0.790000 3.251406
0.800000 3.243200
0.810000 3.234530
0.820000 3.225411
0.830000 3.215856
0.840000 3.205880
0.850000 3.195497
0.860000 3.184720
0.870000 3.173563
0.880000 3.162040
0.890000 3.150165
0.900000 3.137950
0.910000 3.125409
0.920000 3.112556
0.930000 3.099402
0.940000 3.085962
0.950000 3.072247
0.960000 3.058271
0.970000 3.044046
0.980000 3.029584
0.990000 3.014898
1.000000 3.000000
1.010000 2.984902
1.020000 2.969616
1.030000 2.954154
1.040000 2.938527
1.050000 2.922747
1.060000 2.906826
1.070000 2.890774
1.080000 2.874604
1.090000 2.858325
1.100000 2.841950
1.110000 2.825489
1.120000 2.808952
1.130000 2.792351
1.140000 2.775696
1.150000 2.758997
1.160000 2.742264
1.170000 2.725508
1.180000 2.708739
1.190000 2.691966
1.200000 2.675200
1.210000 2.658450
1.220000 2.641725
1.230000 2.625035
1.240000 2.608389
1.250000 2.591797
1.260000 2.575267
1.270000 2.558809
1.280000 2.542431
1.290000 2.526142
1.300000 2.509950
1.310000 2.493864
1.320000 2.477893
1.330000 2.462044
1.340000 2.446326
1.350000 2.430747
1.360000 2.415314
1.370000 2.400035
1.380000 2.384918
1.390000 2.369971
1.400000 2.355200
1.410000 2.340613
1.420000 2.326218
1.430000 2.312020
1.440000 2.298028
1.450000 2.284247
1.460000 2.270685
1.470000 2.257348
1.480000 2.244242
1.490000 2.231374
1.500000 2.218750
1.510000 2.206376
1.520000 2.194258
1.530000 2.182402
1.540000 2.170813
1.550000 2.159497
1.560000 2.148460
1.570000 2.137706
1.580000 2.127242
1.590000 2.117071
1.600000 2.107200
1.610000 2.097633
1.620000 2.088374
1.630000 2.079429
1.640000 2.070802
1.650000 2.062497
1.660000 2.054518
1.670000 2.046870
1.680000 2.039557
1.690000 2.032582
1.700000 2.025950
1.710000 2.019664
1.720000 2.013727
1.730000 2.008143
1.740000 2.002915
1.750000 1.998047
1.760000 1.993541
1.770000 1.989401
1.780000 1.985629
1.790000 1.982228
1.800000 1.979200
1.810000 1.976548
1.820000 1.974275
1.830000 1.972382
1.840000 1.970872
1.850000 1.969747
1.860000 1.969008
1.870000 1.968657
1.880000 1.968696
1.890000 1.969127
1.900000 1.969950
1.910000 1.971167
1.920000 1.972780
1.930000 1.974788
1.940000 1.977194
1.950000 1.979997
1.960000 1.983199
1.970000 1.986800
1.980000 1.990800
1.990000 1.995200
2.000000 2.000000
2.010000 2.005200
2.020000 2.010800
2.030000 2.016800
2.040000 2.023199
2.050000 2.029997
2.060000 2.037194
2.070000 2.044788
2.080000 2.052780
2.090000 2.061167
2.100000 2.069950
2.110000 2.079127
2.120000 2.088696
2.130000 2.098657
2.140000 2.109008
2.150000 2.119747
2.160000 2.130872
2.170000 2.142382
2.180000 2.154275
2.190000 2.166548
2.200000 2.179200
2.210000 2.192228
2.220000 2.205629
2.230000 2.219401
2.240000 2.233541
2.250000 2.248047
2.260000 2.262915
2.270000 2.278143
2.280000 2.293727
2.290000 2.309664
2.300000 2.325950
2.310000 2.342582
2.320000 2.359557
2.330000 2.376870
2.340000 2.394518
2.350000 2.412497
2.360000 2.430802
2.370000 2.449429
2.380000 2.468374
2.390000 2.487633
2.400000 2.507200
2.410000 2.527071
2.420000 2.547242
2.430000 2.567706
2.440000 2.588460
2.450000 2.609497
2.460000 2.630813
2.470000 2.652402
2.480000 2.674258
2.490000 2.696376
2.500000 2.718750
2.510000 2.741374
2.520000 2.764242
2.530000 2.787348
2.540000 2.810685
2.550000 2.834247
2.560000 2.858028
2.570000 2.882020
2.580000 2.906218
2.590000 2.930613
2.600000 2.955200
2.610000 2.979971
2.620000 3.004918
2.630000 3.030035
2.640000 3.055314
2.650000 3.080747
2.660000 3.106326
2.670000 3.132044
2.680000 3.157893
2.690000 3.183864
2.700000 3.209950
2.710000 3.236142
2.720000 3.262431
2.730000 3.288809
2.740000 3.315267
2.750000 3.341797
2.760000 3.368389
2.770000 3.395035
2.780000 3.421725
2.790000 3.448450
2.800000 3.475200
2.810000 3.501966
2.820000 3.528739
2.830000 3.555508
2.840000 3.582264
2.850000 3.608997
2.860000 3.635696
2.870000 3.662351
2.880000 3.688952
2.890000 3.715489
2.900000 3.741950
2.910000 3.768325
2.920000 3.794604
2.930000 3.820774
2.940000 3.846826
2.950000 3.872747
2.960000 3.898527
2.970000 3.924154
2.980000 3.949616
2.990000 3.974902
3.000000 4.000000
3.010000 4.024898
3.020000 4.049584
3.030000 4.074046
3.040000 4.098271
3.050000 4.122247
3.060000 4.145962
3.070000 4.169402
3.080000 4.192556
3.090000 4.215409
3.100000 4.237950
3.110000 4.260165
3.120000 4.282040
3.130000 4.303563
3.140000 4.324720
3.150000 4.345497
3.160000 4.365880
3.170000 4.385856
3.180000 4.405411
3.190000 4.424530
3.200000 4.443200
3.210000 4.461406
3.220000 4.479133
3.230000 4.496367
3.240000 4.513093
3.250000 4.529297
3.260000 4.544963
3.270000 4.560077
3.280000 4.574623
3.290000 4.588586
3.300000 4.601950
3.310000 4.614700
3.320000 4.626821
3.330000 4.638296
3.340000 4.649110
3.350000 4.659247
3.360000 4.668690
3.370000 4.677423
3.380000 4.685430
3.390000 4.692695
3.400000 4.699200
3.410000 4.704929
3.420000 4.709866
3.430000 4.713992
3.440000 4.717292
3.450000 4.719747
3.460000 4.721341
3.470000 4.722056
3.480000 4.721874
3.490000 4.720778
3.500000 4.718750
3.510000 4.715772
3.520000 4.711826
3.530000 4.706894
3.540000 4.700957
3.550000 4.693997
3.560000 4.685996
3.570000 4.676934
3.580000 4.666794
3.590000 4.655555
3.600000 4.643200
3.610000 4.629709
3.620000 4.615062
3.630000 4.599241
3.640000 4.582226
3.650000 4.563997
3.660000 4.544534
3.670000 4.523818
3.680000 4.501829
3.690000 4.478546
3.700000 4.453950
3.710000 4.428020
3.720000 4.400735
3.730000 4.372075
3.740000 4.342019
3.750000 4.310547
3.760000 4.277637
3.770000 4.243269
3.780000 4.207421
3.790000 4.170072
3.800000 4.131200
3.810000 4.090784
3.820000 4.048803
3.830000 4.005234
3.840000 3.960056
3.850000 3.913247
3.860000 3.864784
3.870000 3.814645
3.880000 3.762808
3.890000 3.709251
3.900000 3.653950
3.910000 3.596883
3.920000 3.538028
3.930000 3.477360
3.940000 3.414858
3.950000 3.350497
3.960000 3.284255
3.970000 3.216108
3.980000 3.146032
3.990000 3.074004
4.000000 3.000000
4.010000 2.923996
