0.000000 1.000000
0.001000 1.008490
0.002000 1.016960
0.003000 1.025410
0.004000 1.033840
0.005000 1.042250
0.006000 1.050641
0.007000 1.059011
0.008000 1.067362
0.009000 1.075693
0.010000 1.084004
0.011000 1.092295
0.012000 1.100567
0.013000 1.108819
0.014000 1.117051
0.015000 1.125263
0.016000 1.133456
0.017000 1.141630
0.018000 1.149783
0.019000 1.157917
0.020000 1.166032
0.021000 1.174127
0.022000 1.182202
0.023000 1.190259
0.024000 1.198295
0.025000 1.206312
0.026000 1.214310
0.027000 1.222288
0.028000 1.230248
0.029000 1.238187
0.030000 1.246108
0.031000 1.254009
0.032000 1.261891
0.033000 1.269753
0.034000 1.277597
0.035000 1.285421
0.036000 1.293226
0.037000 1.301012
0.038000 1.308778
0.039000 1.316526
0.040000 1.324255
0.041000 1.331964
0.042000 1.339655
0.043000 1.347326
0.044000 1.354979
0.045000 1.362612
0.046000 1.370227
0.047000 1.377823
0.048000 1.385400
0.049000 1.392958
0.050000 1.400497
0.051000 1.408017
0.052000 1.415519
0.053000 1.423002
0.054000 1.430466
0.055000 1.437911
0.056000 1.445338
0.057000 1.452745
0.058000 1.460135
0.059000 1.467505
0.060000 1.474858
0.061000 1.482191
0.062000 1.489506
0.063000 1.496802
0.064000 1.504080
0.065000 1.511340
0.066000 1.518580
0.067000 1.525803
0.068000 1.533007
0.069000 1.540193
0.070000 1.547360
0.071000 1.554509
0.072000 1.561640
0.073000 1.568752
0.074000 1.575846
0.075000 1.582922
0.076000 1.589979
0.077000 1.597019
0.078000 1.604040
0.079000 1.611043
0.080000 1.618028
0.081000 1.624994
0.082000 1.631943
0.083000 1.638873
0.084000 1.645786
0.085000 1.652680
0.086000 1.659557
0.087000 1.666415
0.088000 1.673256
0.089000 1.680079
0.090000 1.686883
0.091000 1.693670
0.092000 1.700439
0.093000 1.707190
0.094000 1.713923
0.095000 1.720639
0.096000 1.727336
0.097000 1.734016
0.098000 1.740679
0.099000 1.747323
0.100000 1.753950
0.101000 1.760559
0.102000 1.767151
0.103000 1.773725
0.104000 1.780281
0.105000 1.786820
0.106000 1.793341
0.107000 1.799845
0.108000 1.806331
0.109000 1.812800
0.110000 1.819251
0.111000 1.825685
0.112000 1.832101
0.113000 1.838500
0.114000 1.844882
0.115000 1.851246
0.116000 1.857593
0.117000 1.863923
0.118000 1.870235
0.119000 1.876530
0.120000 1.882808
0.121000 1.889069
0.122000 1.895313
0.123000 1.901539
0.124000 1.907748
0.125000 1.913940
0.126000 1.920115
0.127000 1.926273
0.128000 1.932414
0.129000 1.938538
0.130000 1.944645
0.131000 1.950735
0.132000 1.956808
0.133000 1.962864
0.134000 1.968903
0.135000 1.974925
0.136000 1.980931
0.137000 1.986919
0.138000 1.992891
0.139000 1.998846
0.140000 2.004784
0.141000 2.010705
0.142000 2.016610
0.143000 2.022498
0.144000 2.028369
0.145000 2.034223
0.146000 2.040061
0.147000 2.045883
0.148000 2.051687
0.149000 2.057475
0.150000 2.063247
0.151000 2.069002
0.152000 2.074740
0.153000 2.080462
0.154000 2.086168
0.155000 2.091857
0.156000 2.097530
0.157000 2.103186
0.158000 2.108826
0.159000 2.114449
0.160000 2.120056
0.161000 2.125647
0.162000 2.131222
0.163000 2.136780
0.164000 2.142322
0.165000 2.147848
0.166000 2.153358
0.167000 2.158851
0.168000 2.164328
0.169000 2.169789
0.170000 2.175234
0.171000 2.180663
0.172000 2.186076
0.173000 2.191473
0.174000 2.196854
0.175000 2.202219
0.176000 2.207567
0.177000 2.212900
0.178000 2.218217
0.179000 2.223518
0.180000 2.228803
0.181000 2.234072
0.182000 2.239326
0.183000 2.244563
0.184000 2.249785
0.185000 2.254991
0.186000 2.260181
0.187000 2.265355
0.188000 2.270514
0.189000 2.275657
0.190000 2.280784
0.191000 2.285896
0.192000 2.290992
0.193000 2.296072
0.194000 2.301137
0.195000 2.306187
0.196000 2.311220
0.197000 2.316238
0.198000 2.321241
0.199000 2.326228
0.200000 2.331200
0.201000 2.336156
0.202000 2.341097
0.203000 2.346023
0.204000 2.350933
0.205000 2.355827
0.206000 2.360707
0.207000 2.365571
0.208000 2.370420
0.209000 2.375253
0.210000 2.380072
0.211000 2.384875
0.212000 2.389663
0.213000 2.394435
0.214000 2.399193
0.215000 2.403935
0.216000 2.408662
0.217000 2.413375
0.218000 2.418072
0.219000 2.422754
0.220000 2.427421
0.221000 2.432073
0.222000 2.436710
0.223000 2.441332
0.224000 2.445939
0.225000 2.450531
0.226000 2.455108
0.227000 2.459671
0.228000 2.464218
0.229000 2.468751
0.230000 2.473269
0.231000 2.477772
0.232000 2.482260
0.233000 2.486734
0.234000 2.491193
0.235000 2.495637
0.236000 2.500066
0.237000 2.504481
0.238000 2.508881
0.239000 2.513266
0.240000 2.517637
0.241000 2.521993
0.242000 2.526335
0.243000 2.530662
0.244000 2.534975
0.245000 2.539273
0.246000 2.543557
0.247000 2.547826
0.248000 2.552081
0.249000 2.556321
0.250000 2.560547
0.251000 2.564758
0.252000 2.568956
0.253000 2.573139
0.254000 2.577307
0.255000 2.581461
0.256000 2.585601
0.257000 2.589727
0.258000 2.593839
0.259000 2.597936
0.260000 2.602019
0.261000 2.606088
0.262000 2.610143
0.263000 2.614184
0.264000 2.618210
0.265000 2.622223
0.266000 2.626221
0.267000 2.630206
0.268000 2.634176
0.269000 2.638132
0.270000 2.642075
0.271000 2.646003
0.272000 2.649918
0.273000 2.653818
0.274000 2.657705
0.275000 2.661578
0.276000 2.665437
0.277000 2.669282
0.278000 2.673113
0.279000 2.676931
0.280000 2.680735
0.281000 2.684525
0.282000 2.688301
0.283000 2.692064
0.284000 2.695813
0.285000 2.699548
0.286000 2.703269
0.287000 2.706977
0.288000 2.710672
0.289000 2.714352
0.290000 2.718020
0.291000 2.721673
0.292000 2.725313
0.293000 2.728940
0.294000 2.732553
0.295000 2.736153
0.296000 2.739739
0.297000 2.743312
0.298000 2.746871
0.299000 2.750417
0.300000 2.753950
0.301000 2.757469
0.302000 2.760975
0.303000 2.764468
0.304000 2.767947
0.305000 2.771414
0.306000 2.774867
0.307000 2.778306
0.308000 2.781733
0.309000 2.785146
0.310000 2.788546
0.311000 2.791933
0.312000 2.795307
0.313000 2.798668
0.314000 2.802016
0.315000 2.805351
0.316000 2.808672
0.317000 2.811981
0.318000 2.815277
0.319000 2.818559
0.320000 2.821829
0.321000 2.825086
0.322000 2.828330
0.323000 2.831561
0.324000 2.834779
0.325000 2.837984
0.326000 2.841177
0.327000 2.844356
0.328000 2.847523
0.329000 2.850677
0.330000 2.853818
0.331000 2.856947
0.332000 2.860063
0.333000 2.863166
0.334000 2.866256
0.335000 2.869334
0.336000 2.872399
0.337000 2.875452
0.338000 2.878492
0.339000 2.881519
0.340000 2.884534
0.341000 2.887537
0.342000 2.890526
0.343000 2.893504
0.344000 2.896469
0.345000 2.899421
0.346000 2.902361
0.347000 2.905289
0.348000 2.908204
0.349000 2.911106
0.350000 2.913997
0.351000 2.916875
0.352000 2.919741
0.353000 2.922594
0.354000 2.925435
0.355000 2.928264
0.356000 2.931081
0.357000 2.933886
0.358000 2.936678
0.359000 2.939458
0.360000 2.942226
0.361000 2.944982
0.362000 2.947725
0.363000 2.950457
0.364000 2.953177
0.365000 2.955884
0.366000 2.958579
0.367000 2.961263
0.368000 2.963934
0.369000 2.966594
0.370000 2.969241
0.371000 2.971877
0.372000 2.974500
0.373000 2.977112
0.374000 2.979712
0.375000 2.982300
0.376000 2.984876
0.377000 2.987440
0.378000 2.989993
0.379000 2.992533
0.380000 2.995062
0.381000 2.997580
0.382000 3.000085
0.383000 3.002579
0.384000 3.005061
0.385000 3.007531
0.386000 3.009990
0.387000 3.012437
0.388000 3.014873
0.389000 3.017296
0.390000 3.019709
0.391000 3.022110
0.392000 3.024499
0.393000 3.026877
0.394000 3.029243
0.395000 3.031598
0.396000 3.033941
0.397000 3.036273
0.398000 3.038593
0.399000 3.040902
0.400000 3.043200
0.401000 3.045486
0.402000 3.047761
0.403000 3.050025
0.404000 3.052277
0.405000 3.054518
0.406000 3.056748
0.407000 3.058967
0.408000 3.061174
0.409000 3.063370
0.410000 3.065555
0.411000 3.067729
0.412000 3.069892
0.413000 3.072043
0.414000 3.074183
0.415000 3.076313
0.416000 3.078431
0.417000 3.080538
0.418000 3.082634
0.419000 3.084719
0.420000 3.086794
0.421000 3.088857
0.422000 3.090909
0.423000 3.092950
0.424000 3.094980
0.425000 3.097000
0.426000 3.099008
0.427000 3.101006
0.428000 3.102993
0.429000 3.104969
0.430000 3.106934
0.431000 3.108888
0.432000 3.110832
0.433000 3.112765
0.434000 3.114687
0.435000 3.116598
0.436000 3.118499
0.437000 3.120389
0.438000 3.122269
0.439000 3.124137
0.440000 3.125996
0.441000 3.127843
0.442000 3.129680
0.443000 3.131506
0.444000 3.133322
0.445000 3.135128
0.446000 3.136922
0.447000 3.138707
0.448000 3.140481
0.449000 3.142244
0.450000 3.143997
0.451000 3.145739
0.452000 3.147472
0.453000 3.149193
0.454000 3.150905
0.455000 3.152606
0.456000 3.154297
0.457000 3.155977
0.458000 3.157647
0.459000 3.159307
0.460000 3.160957
0.461000 3.162596
0.462000 3.164225
0.463000 3.165844
0.464000 3.167453
0.465000 3.169052
0.466000 3.170640
0.467000 3.172219
0.468000 3.173787
0.469000 3.175345
0.470000 3.176894
0.471000 3.178432
0.472000 3.179960
0.473000 3.181478
0.474000 3.182986
0.475000 3.184484
0.476000 3.185972
0.477000 3.187451
0.478000 3.188919
0.479000 3.190377
0.480000 3.191826
0.481000 3.193265
0.482000 3.194693
0.483000 3.196112
0.484000 3.197522
0.485000 3.198921
0.486000 3.200311
0.487000 3.201691
0.488000 3.203061
0.489000 3.204421
0.490000 3.205772
0.491000 3.207113
0.492000 3.208444
0.493000 3.209766
0.494000 3.211078
0.495000 3.212381
0.496000 3.213674
0.497000 3.214957
0.498000 3.216231
0.499000 3.217495
0.500000 3.218750
0.501000 3.219995
0.502000 3.221231
0.503000 3.222457
0.504000 3.223674
0.505000 3.224882
0.506000 3.226080
0.507000 3.227268
0.508000 3.228448
0.509000 3.229617
0.510000 3.230778
0.511000 3.231929
0.512000 3.233071
0.513000 3.234204
0.514000 3.235327
0.515000 3.236441
0.516000 3.237546
0.517000 3.238642
0.518000 3.239728
0.519000 3.240806
0.520000 3.241874
0.521000 3.242933
0.522000 3.243983
0.523000 3.245024
0.524000 3.246055
0.525000 3.247078
0.526000 3.248091
0.527000 3.249096
0.528000 3.250092
0.529000 3.251078
0.530000 3.252056
0.531000 3.253024
0.532000 3.253984
0.533000 3.254934
0.534000 3.255876
0.535000 3.256809
0.536000 3.257733
0.537000 3.258648
0.538000 3.259555
0.539000 3.260452
0.540000 3.261341
0.541000 3.262221
0.542000 3.263092
0.543000 3.263954
0.544000 3.264808
0.545000 3.265653
0.546000 3.266489
0.547000 3.267316
0.548000 3.268135
0.549000 3.268945
0.550000 3.269747
0.551000 3.270540
0.552000 3.271324
0.553000 3.272100
0.554000 3.272867
0.555000 3.273626
0.556000 3.274376
0.557000 3.275118
0.558000 3.275851
0.559000 3.276575
0.560000 3.277292
0.561000 3.277999
0.562000 3.278699
0.563000 3.279390
0.564000 3.280072
0.565000 3.280746
0.566000 3.281412
0.567000 3.282069
0.568000 3.282719
0.569000 3.283359
0.570000 3.283992
0.571000 3.284616
0.572000 3.285232
0.573000 3.285840
0.574000 3.286440
0.575000 3.287031
0.576000 3.287614
0.577000 3.288189
0.578000 3.288756
0.579000 3.289315
0.580000 3.289866
0.581000 3.290408
0.582000 3.290942
0.583000 3.291469
0.584000 3.291987
0.585000 3.292498
0.586000 3.293000
0.587000 3.293494
0.588000 3.293980
0.589000 3.294459
0.590000 3.294929
0.591000 3.295392
0.592000 3.295846
0.593000 3.296293
0.594000 3.296732
0.595000 3.297163
0.596000 3.297586
0.597000 3.298001
0.598000 3.298408
0.599000 3.298808
0.600000 3.299200
0.601000 3.299584
0.602000 3.299961
0.603000 3.300329
0.604000 3.300690
0.605000 3.301043
0.606000 3.301389
0.607000 3.301727
0.608000 3.302057
0.609000 3.302380
0.610000 3.302695
0.611000 3.303002
0.612000 3.303302
0.613000 3.303594
0.614000 3.303879
0.615000 3.304156
0.616000 3.304426
0.617000 3.304688
0.618000 3.304943
0.619000 3.305190
0.620000 3.305430
0.621000 3.305663
0.622000 3.305888
0.623000 3.306105
0.624000 3.306316
0.625000 3.306519
0.626000 3.306714
0.627000 3.306902
0.628000 3.307083
0.629000 3.307257
0.630000 3.307423
0.631000 3.307582
0.632000 3.307734
0.633000 3.307879
0.634000 3.308016
0.635000 3.308146
0.636000 3.308269
0.637000 3.308385
0.638000 3.308494
0.639000 3.308595
0.640000 3.308690
0.641000 3.308777
0.642000 3.308858
0.643000 3.308931
0.644000 3.308997
0.645000 3.309056
0.646000 3.309108
0.647000 3.309153
0.648000 3.309191
0.649000 3.309223
0.650000 3.309247
0.651000 3.309264
0.652000 3.309275
0.653000 3.309278
0.654000 3.309275
0.655000 3.309264
0.656000 3.309247
0.657000 3.309223
0.658000 3.309192
0.659000 3.309155
0.660000 3.309110
0.661000 3.309059
0.662000 3.309001
0.663000 3.308937
0.664000 3.308865
0.665000 3.308787
0.666000 3.308702
0.667000 3.308611
0.668000 3.308513
0.669000 3.308408
0.670000 3.308296
0.671000 3.308178
0.672000 3.308054
0.673000 3.307923
0.674000 3.307785
0.675000 3.307640
0.676000 3.307490
0.677000 3.307332
0.678000 3.307168
0.679000 3.306998
0.680000 3.306821
0.681000 3.306638
0.682000 3.306448
0.683000 3.306252
0.684000 3.306049
0.685000 3.305840
0.686000 3.305625
0.687000 3.305403
0.688000 3.305175
0.689000 3.304941
0.690000 3.304700
0.691000 3.304453
0.692000 3.304200
0.693000 3.303941
0.694000 3.303675
0.695000 3.303403
0.696000 3.303125
0.697000 3.302840
0.698000 3.302550
0.699000 3.302253
0.700000 3.301950
0.701000 3.301641
0.702000 3.301326
0.703000 3.301004
0.704000 3.300677
0.705000 3.300344
0.706000 3.300004
0.707000 3.299658
0.708000 3.299307
0.709000 3.298949
0.710000 3.298586
0.711000 3.298216
0.712000 3.297840
0.713000 3.297459
0.714000 3.297071
0.715000 3.296678
0.716000 3.296279
0.717000 3.295874
0.718000 3.295462
0.719000 3.295045
0.720000 3.294623
0.721000 3.294194
0.722000 3.293760
0.723000 3.293319
0.724000 3.292873
0.725000 3.292422
0.726000 3.291964
0.727000 3.291501
0.728000 3.291032
0.729000 3.290557
0.730000 3.290077
0.731000 3.289591
0.732000 3.289099
0.733000 3.288602
0.734000 3.288099
0.735000 3.287590
0.736000 3.287076
0.737000 3.286556
0.738000 3.286031
0.739000 3.285500
0.740000 3.284963
0.741000 3.284421
0.742000 3.283874
0.743000 3.283321
0.744000 3.282762
0.745000 3.282198
0.746000 3.281629
0.747000 3.281054
0.748000 3.280474
0.749000 3.279888
0.750000 3.279297
0.751000 3.278700
0.752000 3.278099
0.753000 3.277492
0.754000 3.276879
0.755000 3.276261
0.756000 3.275638
0.757000 3.275010
0.758000 3.274376
0.759000 3.273737
0.760000 3.273093
0.761000 3.272444
0.762000 3.271789
0.763000 3.271129
0.764000 3.270464
0.765000 3.269794
0.766000 3.269119
0.767000 3.268439
0.768000 3.267753
0.769000 3.267063
0.770000 3.266367
0.771000 3.265666
0.772000 3.264960
0.773000 3.264249
0.774000 3.263533
0.775000 3.262812
0.776000 3.262086
0.777000 3.261355
0.778000 3.260619
0.779000 3.259879
0.780000 3.259133
0.781000 3.258382
0.782000 3.257626
0.783000 3.256866
0.784000 3.256100
0.785000 3.255330
0.786000 3.254555
0.787000 3.253775
0.788000 3.252990
0.789000 3.252200
0.790000 3.251406
0.791000 3.250606
0.792000 3.249802
0.793000 3.248993
0.794000 3.248180
0.795000 3.247362
0.796000 3.246539
0.797000 3.245711
0.798000 3.244879
0.799000 3.244042
0.800000 3.243200
0.801000 3.242354
0.802000 3.241503
0.803000 3.240647
0.804000 3.239787
0.805000 3.238922
0.806000 3.238053
0.807000 3.237179
0.808000 3.236301
0.809000 3.235418
0.810000 3.234530
0.811000 3.233638
0.812000 3.232742
0.813000 3.231841
0.814000 3.230936
0.815000 3.230026
0.816000 3.229112
0.817000 3.228193
0.818000 3.227270
0.819000 3.226343
0.820000 3.225411
0.821000 3.224475
0.822000 3.223535
0.823000 3.222590
0.824000 3.221641
0.825000 3.220687
0.826000 3.219730
0.827000 3.218768
0.828000 3.217801
0.829000 3.216831
0.830000 3.215856
0.831000 3.214878
0.832000 3.213894
0.833000 3.212907
0.834000 3.211916
0.835000 3.210920
0.836000 3.209920
0.837000 3.208917
0.838000 3.207909
0.839000 3.206896
0.840000 3.205880
0.841000 3.204860
0.842000 3.203836
0.843000 3.202807
0.844000 3.201775
0.845000 3.200739
0.846000 3.199698
0.847000 3.198654
0.848000 3.197605
0.849000 3.196553
0.850000 3.195497
0.851000 3.194437
0.852000 3.193373
0.853000 3.192304
0.854000 3.191233
0.855000 3.190157
0.856000 3.189077
0.857000 3.187994
0.858000 3.186906
0.859000 3.185815
0.860000 3.184720
0.861000 3.183621
0.862000 3.182519
0.863000 3.181412
0.864000 3.180302
0.865000 3.179188
0.866000 3.178071
0.867000 3.176949
0.868000 3.175824
0.869000 3.174696
0.870000 3.173563
0.871000 3.172427
0.872000 3.171287
0.873000 3.170144
0.874000 3.168997
0.875000 3.167847
0.876000 3.166693
0.877000 3.165535
0.878000 3.164374
0.879000 3.163209
0.880000 3.162040
0.881000 3.160868
0.882000 3.159693
0.883000 3.158514
0.884000 3.157332
0.885000 3.156146
0.886000 3.154956
0.887000 3.153764
0.888000 3.152567
0.889000 3.151368
0.890000 3.150165
0.891000 3.148958
0.892000 3.147749
0.893000 3.146535
0.894000 3.145319
0.895000 3.144099
0.896000 3.142876
0.897000 3.141649
0.898000 3.140419
0.899000 3.139186
0.900000 3.137950
0.901000 3.136710
0.902000 3.135467
0.903000 3.134221
0.904000 3.132972
0.905000 3.131720
0.906000 3.130464
0.907000 3.129205
0.908000 3.127943
0.909000 3.126678
0.910000 3.125409
0.911000 3.124138
0.912000 3.122863
0.913000 3.121585
0.914000 3.120305
0.915000 3.119021
0.916000 3.117734
0.917000 3.116444
0.918000 3.115151
0.919000 3.113855
0.920000 3.112556
0.921000 3.111253
0.922000 3.109948
0.923000 3.108640
0.924000 3.107329
0.925000 3.106015
0.926000 3.104699
0.927000 3.103379
0.928000 3.102056
0.929000 3.100730
0.930000 3.099402
0.931000 3.098071
0.932000 3.096736
0.933000 3.095399
0.934000 3.094060
0.935000 3.092717
0.936000 3.091371
0.937000 3.090023
0.938000 3.088672
0.939000 3.087318
0.940000 3.085962
0.941000 3.084602
0.942000 3.083240
0.943000 3.081875
0.944000 3.080508
0.945000 3.079138
0.946000 3.077765
0.947000 3.076389
0.948000 3.075011
0.949000 3.073630
0.950000 3.072247
0.951000 3.070861
0.952000 3.069472
0.953000 3.068081
0.954000 3.066687
0.955000 3.065291
0.956000 3.063892
0.957000 3.062490
0.958000 3.061086
0.959000 3.059680
0.960000 3.058271
0.961000 3.056859
0.962000 3.055445
0.963000 3.054029
0.964000 3.052610
0.965000 3.051188
0.966000 3.049765
0.967000 3.048339
0.968000 3.046910
0.969000 3.045479
0.970000 3.044046
0.971000 3.042610
0.972000 3.041172
0.973000 3.039731
0.974000 3.038289
0.975000 3.036844
0.976000 3.035396
0.977000 3.033947
0.978000 3.032495
0.979000 3.031040
0.980000 3.029584
0.981000 3.028125
0.982000 3.026664
0.983000 3.025201
0.984000 3.023736
0.985000 3.022268
0.986000 3.020798
0.987000 3.019327
0.988000 3.017853
0.989000 3.016376
0.990000 3.014898
0.991000 3.013418
0.992000 3.011935
0.993000 3.010450
0.994000 3.008964
0.995000 3.007475
0.996000 3.005984
0.997000 3.004491
0.998000 3.002996
0.999000 3.001499
1.000000 3.000000
1.001000 2.998499
1.002000 2.996996
1.003000 2.995491
1.004000 2.993984
1.005000 2.992475
1.006000 2.990964
1.007000 2.989452
1.008000 2.987937
1.009000 2.986420
1.010000 2.984902
1.011000 2.983382
1.012000 2.981859
1.013000 2.980335
1.014000 2.978809
1.015000 2.977282
1.016000 2.975752
1.017000 2.974221
1.018000 2.972688
1.019000 2.971153
1.020000 2.969616
1.021000 2.968077
1.022000 2.966537
1.023000 2.964995
1.024000 2.963451
1.025000 2.961906
1.026000 2.960359
1.027000 2.958810
1.028000 2.957260
1.029000 2.955707
1.030000 2.954154
1.031000 2.952598
1.032000 2.951041
1.033000 2.949482
1.034000 2.947922
1.035000 2.946360
1.036000 2.944796
1.037000 2.943231
1.038000 2.941665
1.039000 2.940096
1.040000 2.938527
1.041000 2.936955
1.042000 2.935383
1.043000 2.933808
1.044000 2.932232
1.045000 2.930655
1.046000 2.929076
1.047000 2.927496
1.048000 2.925915
1.049000 2.924331
1.050000 2.922747
1.051000 2.921161
1.052000 2.919574
1.053000 2.917985
1.054000 2.916395
1.055000 2.914803
1.056000 2.913210
1.057000 2.911616
1.058000 2.910021
1.059000 2.908424
1.060000 2.906826
1.061000 2.905226
1.062000 2.903625
1.063000 2.902023
1.064000 2.900420
1.065000 2.898815
1.066000 2.897210
1.067000 2.895602
1.068000 2.893994
1.069000 2.892385
1.070000 2.890774
1.071000 2.889162
1.072000 2.887549
1.073000 2.885935
1.074000 2.884319
1.075000 2.882703
1.076000 2.881085
1.077000 2.879466
1.078000 2.877847
1.079000 2.876226
1.080000 2.874604
1.081000 2.872980
1.082000 2.871356
1.083000 2.869731
1.084000 2.868105
1.085000 2.866477
1.086000 2.864849
1.087000 2.863219
1.088000 2.861589
1.089000 2.859958
1.090000 2.858325
1.091000 2.856692
1.092000 2.855058
1.093000 2.853422
1.094000 2.851786
1.095000 2.850149
1.096000 2.848511
1.097000 2.846872
1.098000 2.845232
1.099000 2.843592
1.100000 2.841950
1.101000 2.840308
1.102000 2.838664
1.103000 2.837020
1.104000 2.835375
1.105000 2.833729
1.106000 2.832083
1.107000 2.830436
1.108000 2.828787
1.109000 2.827138
1.110000 2.825489
1.111000 2.823838
1.112000 2.822187
1.113000 2.820535
1.114000 2.818883
1.115000 2.817229
1.116000 2.815575
1.117000 2.813921
1.118000 2.812265
1.119000 2.810609
1.120000 2.808952
1.121000 2.807295
1.122000 2.805637
1.123000 2.803978
1.124000 2.802319
1.125000 2.800659
1.126000 2.798999
1.127000 2.797338
1.128000 2.795676
1.129000 2.794014
1.130000 2.792351
1.131000 2.790688
1.132000 2.789024
1.133000 2.787360
1.134000 2.785695
1.135000 2.784030
1.136000 2.782364
1.137000 2.780698
1.138000 2.779031
1.139000 2.777364
1.140000 2.775696
1.141000 2.774028
1.142000 2.772359
1.143000 2.770690
1.144000 2.769021
1.145000 2.767351
1.146000 2.765681
1.147000 2.764011
1.148000 2.762340
1.149000 2.760668
1.150000 2.758997
1.151000 2.757325
1.152000 2.755653
1.153000 2.753980
1.154000 2.752307
1.155000 2.750634
1.156000 2.748961
1.157000 2.747287
1.158000 2.745613
1.159000 2.743939
1.160000 2.742264
1.161000 2.740590
1.162000 2.738915
1.163000 2.737240
1.164000 2.735564
1.165000 2.733889
1.166000 2.732213
1.167000 2.730537
1.168000 2.728861
1.169000 2.727185
1.170000 2.725508
1.171000 2.723832
1.172000 2.722155
1.173000 2.720479
1.174000 2.718802
1.175000 2.717125
1.176000 2.715448
1.177000 2.713771
1.178000 2.712094
1.179000 2.710416
1.180000 2.708739
1.181000 2.707062
1.182000 2.705385
1.183000 2.703707
1.184000 2.702030
1.185000 2.700353
1.186000 2.698675
1.187000 2.696998
1.188000 2.695321
1.189000 2.693644
1.190000 2.691966
1.191000 2.690289
1.192000 2.688612
1.193000 2.686935
1.194000 2.685259
1.195000 2.683582
1.196000 2.681905
1.197000 2.680229
1.198000 2.678552
1.199000 2.676876
1.200000 2.675200
1.201000 2.673524
1.202000 2.671848
1.203000 2.670173
1.204000 2.668497
1.205000 2.666822
1.206000 2.665147
1.207000 2.663472
1.208000 2.661798
1.209000 2.660124
1.210000 2.658450
1.211000 2.656776
1.212000 2.655102
1.213000 2.653429
1.214000 2.651756
1.215000 2.650083
1.216000 2.648411
1.217000 2.646739
1.218000 2.645067
1.219000 2.643396
1.220000 2.641725
1.221000 2.640054
1.222000 2.638384
1.223000 2.636714
1.224000 2.635044
1.225000 2.633375
1.226000 2.631706
1.227000 2.630038
1.228000 2.628370
1.229000 2.626702
1.230000 2.625035
1.231000 2.623368
1.232000 2.621702
1.233000 2.620036
1.234000 2.618371
1.235000 2.616706
1.236000 2.615041
1.237000 2.613378
1.238000 2.611714
1.239000 2.610051
1.240000 2.608389
1.241000 2.606727
1.242000 2.605066
1.243000 2.603405
1.244000 2.601745
1.245000 2.600086
1.246000 2.598427
1.247000 2.596768
1.248000 2.595111
1.249000 2.593453
1.250000 2.591797
1.251000 2.590141
1.252000 2.588486
1.253000 2.586831
1.254000 2.585177
1.255000 2.583524
1.256000 2.581871
1.257000 2.580219
1.258000 2.578568
1.259000 2.576917
1.260000 2.575267
1.261000 2.573618
1.262000 2.571969
1.263000 2.570322
1.264000 2.568675
1.265000 2.567028
1.266000 2.565383
1.267000 2.563738
1.268000 2.562094
1.269000 2.560451
1.270000 2.558809
1.271000 2.557167
1.272000 2.555526
1.273000 2.553887
1.274000 2.552247
1.275000 2.550609
1.276000 2.548972
1.277000 2.547335
1.278000 2.545699
1.279000 2.544065
1.280000 2.542431
1.281000 2.540798
1.282000 2.539166
1.283000 2.537534
1.284000 2.535904
1.285000 2.534274
1.286000 2.532646
1.287000 2.531018
1.288000 2.529392
1.289000 2.527766
1.290000 2.526142
1.291000 2.524518
1.292000 2.522895
1.293000 2.521273
1.294000 2.519653
1.295000 2.518033
1.296000 2.516414
1.297000 2.514797
1.298000 2.513180
1.299000 2.511565
1.300000 2.509950
1.301000 2.508337
1.302000 2.506724
1.303000 2.505113
1.304000 2.503503
1.305000 2.501893
1.306000 2.500285
1.307000 2.498678
1.308000 2.497073
1.309000 2.495468
1.310000 2.493864
1.311000 2.492262
1.312000 2.490661
1.313000 2.489061
1.314000 2.487462
1.315000 2.485864
1.316000 2.484267
1.317000 2.482672
1.318000 2.481078
1.319000 2.479485
1.320000 2.477893
1.321000 2.476303
1.322000 2.474713
1.323000 2.473125
1.324000 2.471538
1.325000 2.469953
1.326000 2.468369
1.327000 2.466786
1.328000 2.465204
1.329000 2.463624
1.330000 2.462044
1.331000 2.460467
1.332000 2.458890
1.333000 2.457315
1.334000 2.455741
1.335000 2.454169
1.336000 2.452597
1.337000 2.451028
1.338000 2.449459
1.339000 2.447892
1.340000 2.446326
1.341000 2.444762
1.342000 2.443199
1.343000 2.441638
1.344000 2.440077
1.345000 2.438519
1.346000 2.436962
1.347000 2.435406
1.348000 2.433851
1.349000 2.432298
1.350000 2.430747
1.351000 2.429197
1.352000 2.427648
1.353000 2.426101
1.354000 2.424556
1.355000 2.423012
1.356000 2.421469
1.357000 2.419928
1.358000 2.418388
1.359000 2.416850
1.360000 2.415314
1.361000 2.413779
1.362000 2.412246
1.363000 2.410714
1.364000 2.409183
1.365000 2.407655
1.366000 2.406128
1.367000 2.404602
1.368000 2.403078
1.369000 2.401556
1.370000 2.400035
1.371000 2.398516
1.372000 2.396999
1.373000 2.395483
1.374000 2.393969
1.375000 2.392456
1.376000 2.390945
1.377000 2.389436
1.378000 2.387928
1.379000 2.386423
1.380000 2.384918
1.381000 2.383416
1.382000 2.381915
1.383000 2.380416
1.384000 2.378919
1.385000 2.377423
1.386000 2.375929
1.387000 2.374437
1.388000 2.372946
1.389000 2.371458
1.390000 2.369971
1.391000 2.368486
1.392000 2.367002
1.393000 2.365521
1.394000 2.364041
1.395000 2.362563
1.396000 2.361087
1.397000 2.359612
1.398000 2.358140
1.399000 2.356669
1.400000 2.355200
1.401000 2.353733
1.402000 2.352268
1.403000 2.350804
1.404000 2.349343
1.405000 2.347883
1.406000 2.346425
1.407000 2.344969
1.408000 2.343515
1.409000 2.342063
1.410000 2.340613
1.411000 2.339165
1.412000 2.337719
1.413000 2.336274
1.414000 2.334832
1.415000 2.333391
1.416000 2.331952
1.417000 2.330516
1.418000 2.329081
1.419000 2.327648
1.420000 2.326218
1.421000 2.324789
1.422000 2.323362
1.423000 2.321937
1.424000 2.320514
1.425000 2.319094
1.426000 2.317675
1.427000 2.316258
1.428000 2.314843
1.429000 2.313431
1.430000 2.312020
1.431000 2.310611
1.432000 2.309205
1.433000 2.307800
1.434000 2.306398
1.435000 2.304998
1.436000 2.303599
1.437000 2.302203
1.438000 2.300809
1.439000 2.299417
1.440000 2.298028
1.441000 2.296640
1.442000 2.295254
1.443000 2.293871
1.444000 2.292489
1.445000 2.291110
1.446000 2.289733
1.447000 2.288358
1.448000 2.286986
1.449000 2.285615
1.450000 2.284247
1.451000 2.282881
1.452000 2.281517
1.453000 2.280155
1.454000 2.278795
1.455000 2.277438
1.456000 2.276083
1.457000 2.274730
1.458000 2.273379
1.459000 2.272031
1.460000 2.270685
1.461000 2.269341
1.462000 2.267999
1.463000 2.266660
1.464000 2.265323
1.465000 2.263988
1.466000 2.262655
1.467000 2.261325
1.468000 2.259997
1.469000 2.258671
1.470000 2.257348
1.471000 2.256027
1.472000 2.254708
1.473000 2.253391
1.474000 2.252077
1.475000 2.250765
1.476000 2.249456
1.477000 2.248149
1.478000 2.246844
1.479000 2.245542
1.480000 2.244242
1.481000 2.242944
1.482000 2.241649
1.483000 2.240356
1.484000 2.239066
1.485000 2.237778
1.486000 2.236492
1.487000 2.235209
1.488000 2.233928
1.489000 2.232650
1.490000 2.231374
1.491000 2.230101
1.492000 2.228829
1.493000 2.227561
1.494000 2.226295
1.495000 2.225031
1.496000 2.223770
1.497000 2.222511
1.498000 2.221255
1.499000 2.220001
1.500000 2.218750
1.501000 2.217501
1.502000 2.216255
1.503000 2.215011
1.504000 2.213770
1.505000 2.212531
1.506000 2.211295
1.507000 2.210062
1.508000 2.208831
1.509000 2.207602
1.510000 2.206376
1.511000 2.205153
1.512000 2.203932
1.513000 2.202713
1.514000 2.201498
1.515000 2.200285
1.516000 2.199074
1.517000 2.197866
1.518000 2.196661
1.519000 2.195458
1.520000 2.194258
1.521000 2.193060
1.522000 2.191866
1.523000 2.190673
1.524000 2.189484
1.525000 2.188297
1.526000 2.187112
1.527000 2.185931
1.528000 2.184752
1.529000 2.183575
1.530000 2.182402
1.531000 2.181231
1.532000 2.180062
1.533000 2.178897
1.534000 2.177734
1.535000 2.176573
1.536000 2.175416
1.537000 2.174261
1.538000 2.173109
1.539000 2.171959
1.540000 2.170813
1.541000 2.169669
1.542000 2.168528
1.543000 2.167389
1.544000 2.166253
1.545000 2.165120
1.546000 2.163990
1.547000 2.162863
1.548000 2.161738
1.549000 2.160616
1.550000 2.159497
1.551000 2.158381
1.552000 2.157267
1.553000 2.156156
1.554000 2.155048
1.555000 2.153943
1.556000 2.152841
1.557000 2.151741
1.558000 2.150644
1.559000 2.149551
1.560000 2.148460
1.561000 2.147371
1.562000 2.146286
1.563000 2.145203
1.564000 2.144124
1.565000 2.143047
1.566000 2.141973
1.567000 2.140902
1.568000 2.139834
1.569000 2.138768
1.570000 2.137706
1.571000 2.136646
1.572000 2.135590
1.573000 2.134536
1.574000 2.133485
1.575000 2.132437
1.576000 2.131392
1.577000 2.130350
1.578000 2.129311
1.579000 2.128275
1.580000 2.127242
1.581000 2.126211
1.582000 2.125184
1.583000 2.124159
1.584000 2.123138
1.585000 2.122119
1.586000 2.121104
1.587000 2.120091
1.588000 2.119081
1.589000 2.118075
1.590000 2.117071
1.591000 2.116071
1.592000 2.115073
1.593000 2.114078
1.594000 2.113087
1.595000 2.112098
1.596000 2.111112
1.597000 2.110130
1.598000 2.109150
1.599000 2.108174
1.600000 2.107200
1.601000 2.106230
1.602000 2.105262
1.603000 2.104298
1.604000 2.103336
1.605000 2.102378
1.606000 2.101423
1.607000 2.100471
1.608000 2.099522
1.609000 2.098576
1.610000 2.097633
1.611000 2.096693
1.612000 2.095756
1.613000 2.094823
1.614000 2.093892
1.615000 2.092965
1.616000 2.092040
1.617000 2.091119
1.618000 2.090201
1.619000 2.089286
1.620000 2.088374
1.621000 2.087466
1.622000 2.086560
1.623000 2.085658
1.624000 2.084758
1.625000 2.083862
1.626000 2.082969
1.627000 2.082080
1.628000 2.081193
1.629000 2.080309
1.630000 2.079429
1.631000 2.078552
1.632000 2.077678
1.633000 2.076807
1.634000 2.075940
1.635000 2.075076
1.636000 2.074214
1.637000 2.073356
1.638000 2.072502
1.639000 2.071650
1.640000 2.070802
1.641000 2.069957
1.642000 2.069115
1.643000 2.068276
1.644000 2.067441
1.645000 2.066609
1.646000 2.065780
1.647000 2.064954
1.648000 2.064132
1.649000 2.063313
1.650000 2.062497
1.651000 2.061684
1.652000 2.060875
1.653000 2.060069
1.654000 2.059266
1.655000 2.058467
1.656000 2.057670
1.657000 2.056877
1.658000 2.056088
1.659000 2.055301
1.660000 2.054518
1.661000 2.053739
1.662000 2.052962
1.663000 2.052189
1.664000 2.051419
1.665000 2.050653
1.666000 2.049890
1.667000 2.049130
1.668000 2.048373
1.669000 2.047620
1.670000 2.046870
1.671000 2.046124
1.672000 2.045381
1.673000 2.044641
1.674000 2.043905
1.675000 2.043172
1.676000 2.042442
1.677000 2.041716
1.678000 2.040993
1.679000 2.040273
1.680000 2.039557
1.681000 2.038844
1.682000 2.038135
1.683000 2.037429
1.684000 2.036726
1.685000 2.036027
1.686000 2.035331
1.687000 2.034639
1.688000 2.033950
1.689000 2.033265
1.690000 2.032582
1.691000 2.031904
1.692000 2.031228
1.693000 2.030557
1.694000 2.029888
1.695000 2.029223
1.696000 2.028562
1.697000 2.027904
1.698000 2.027249
1.699000 2.026598
1.700000 2.025950
1.701000 2.025306
1.702000 2.024665
1.703000 2.024028
1.704000 2.023394
1.705000 2.022763
1.706000 2.022136
1.707000 2.021513
1.708000 2.020893
1.709000 2.020277
1.710000 2.019664
1.711000 2.019054
1.712000 2.018448
1.713000 2.017846
1.714000 2.017247
1.715000 2.016651
1.716000 2.016059
1.717000 2.015471
1.718000 2.014886
1.719000 2.014305
1.720000 2.013727
1.721000 2.013152
1.722000 2.012582
1.723000 2.012014
1.724000 2.011451
1.725000 2.010890
1.726000 2.010334
1.727000 2.009781
1.728000 2.009231
1.729000 2.008685
1.730000 2.008143
1.731000 2.007604
1.732000 2.007069
1.733000 2.006537
1.734000 2.006009
1.735000 2.005484
1.736000 2.004963
1.737000 2.004446
1.738000 2.003932
1.739000 2.003422
1.740000 2.002915
1.741000 2.002412
1.742000 2.001913
1.743000 2.001417
1.744000 2.000925
1.745000 2.000436
1.746000 1.999951
1.747000 1.999469
1.748000 1.998992
1.749000 1.998517
1.750000 1.998047
1.751000 1.997580
1.752000 1.997117
1.753000 1.996657
1.754000 1.996201
1.755000 1.995748
1.756000 1.995300
1.757000 1.994855
1.758000 1.994413
1.759000 1.993975
1.760000 1.993541
1.761000 1.993111
1.762000 1.992684
1.763000 1.992261
1.764000 1.991841
1.765000 1.991425
1.766000 1.991013
1.767000 1.990604
1.768000 1.990199
1.769000 1.989798
1.770000 1.989401
1.771000 1.989007
1.772000 1.988617
1.773000 1.988230
1.774000 1.987848
1.775000 1.987469
1.776000 1.987093
1.777000 1.986722
1.778000 1.986354
1.779000 1.985989
1.780000 1.985629
1.781000 1.985272
1.782000 1.984919
1.783000 1.984569
1.784000 1.984224
1.785000 1.983882
1.786000 1.983543
1.787000 1.983209
1.788000 1.982878
1.789000 1.982551
1.790000 1.982228
1.791000 1.981908
1.792000 1.981592
1.793000 1.981280
1.794000 1.980972
1.795000 1.980667
1.796000 1.980366
1.797000 1.980069
1.798000 1.979776
1.799000 1.979486
1.800000 1.979200
1.801000 1.978918
1.802000 1.978640
1.803000 1.978365
1.804000 1.978094
1.805000 1.977827
1.806000 1.977564
1.807000 1.977304
1.808000 1.977049
1.809000 1.976797
1.810000 1.976548
1.811000 1.976304
1.812000 1.976063
1.813000 1.975827
1.814000 1.975594
1.815000 1.975364
1.816000 1.975139
1.817000 1.974917
1.818000 1.974699
1.819000 1.974485
1.820000 1.974275
1.821000 1.974069
1.822000 1.973866
1.823000 1.973667
1.824000 1.973472
1.825000 1.973281
1.826000 1.973094
1.827000 1.972910
1.828000 1.972730
1.829000 1.972554
1.830000 1.972382
1.831000 1.972214
1.832000 1.972050
1.833000 1.971889
1.834000 1.971732
1.835000 1.971579
1.836000 1.971430
1.837000 1.971285
1.838000 1.971144
1.839000 1.971006
1.840000 1.970872
1.841000 1.970742
1.842000 1.970616
1.843000 1.970494
1.844000 1.970376
1.845000 1.970261
1.846000 1.970151
1.847000 1.970044
1.848000 1.969941
1.849000 1.969842
1.850000 1.969747
1.851000 1.969656
1.852000 1.969568
1.853000 1.969485
1.854000 1.969405
1.855000 1.969329
1.856000 1.969257
1.857000 1.969189
1.858000 1.969125
1.859000 1.969064
1.860000 1.969008
1.861000 1.968955
1.862000 1.968907
1.863000 1.968862
1.864000 1.968821
1.865000 1.968784
1.866000 1.968751
1.867000 1.968722
1.868000 1.968696
1.869000 1.968675
1.870000 1.968657
1.871000 1.968644
1.872000 1.968634
1.873000 1.968628
1.874000 1.968626
1.875000 1.968628
1.876000 1.968634
1.877000 1.968644
1.878000 1.968657
1.879000 1.968675
1.880000 1.968696
1.881000 1.968722
1.882000 1.968751
1.883000 1.968784
1.884000 1.968821
1.885000 1.968863
1.886000 1.968908
1.887000 1.968956
1.888000 1.969009
1.889000 1.969066
1.890000 1.969127
1.891000 1.969191
1.892000 1.969260
1.893000 1.969332
1.894000 1.969409
1.895000 1.969489
1.896000 1.969574
1.897000 1.969662
1.898000 1.969754
1.899000 1.969850
1.900000 1.969950
1.901000 1.970054
1.902000 1.970162
1.903000 1.970274
1.904000 1.970390
1.905000 1.970509
1.906000 1.970633
1.907000 1.970761
1.908000 1.970892
1.909000 1.971028
1.910000 1.971167
1.911000 1.971311
1.912000 1.971458
1.913000 1.971609
1.914000 1.971765
1.915000 1.971924
1.916000 1.972087
1.917000 1.972254
1.918000 1.972425
1.919000 1.972600
1.920000 1.972780
1.921000 1.972963
1.922000 1.973149
1.923000 1.973340
1.924000 1.973535
1.925000 1.973734
1.926000 1.973937
1.927000 1.974144
1.928000 1.974355
1.929000 1.974569
1.930000 1.974788
1.931000 1.975011
1.932000 1.975237
1.933000 1.975468
1.934000 1.975703
1.935000 1.975941
1.936000 1.976184
1.937000 1.976430
1.938000 1.976681
1.939000 1.976935
1.940000 1.977194
1.941000 1.977456
1.942000 1.977722
1.943000 1.977993
1.944000 1.978267
1.945000 1.978545
1.946000 1.978828
1.947000 1.979114
1.948000 1.979404
1.949000 1.979699
1.950000 1.979997
1.951000 1.980299
1.952000 1.980605
1.953000 1.980916
1.954000 1.981230
1.955000 1.981548
1.956000 1.981870
1.957000 1.982196
1.958000 1.982526
1.959000 1.982861
1.960000 1.983199
1.961000 1.983541
1.962000 1.983887
1.963000 1.984237
1.964000 1.984591
1.965000 1.984949
1.966000 1.985311
1.967000 1.985677
1.968000 1.986047
1.969000 1.986422
1.970000 1.986800
1.971000 1.987182
1.972000 1.987568
1.973000 1.987958
1.974000 1.988352
1.975000 1.988750
1.976000 1.989152
1.977000 1.989558
1.978000 1.989968
1.979000 1.990382
1.980000 1.990800
1.981000 1.991222
1.982000 1.991648
1.983000 1.992078
1.984000 1.992512
1.985000 1.992950
1.986000 1.993392
1.987000 1.993838
1.988000 1.994288
1.989000 1.994742
1.990000 1.995200
1.991000 1.995662
1.992000 1.996128
1.993000 1.996598
1.994000 1.997072
1.995000 1.997550
1.996000 1.998032
1.997000 1.998518
1.998000 1.999008
1.999000 1.999502
2.000000 2.000000
2.001000 2.000502
2.002000 2.001008
2.003000 2.001518
2.004000 2.002032
2.005000 2.002550
2.006000 2.003072
2.007000 2.003598
2.008000 2.004128
2.009000 2.004662
2.010000 2.005200
2.011000 2.005742
2.012000 2.006288
2.013000 2.006838
2.014000 2.007392
2.015000 2.007950
2.016000 2.008512
2.017000 2.009078
2.018000 2.009648
2.019000 2.010222
2.020000 2.010800
2.021000 2.011382
2.022000 2.011968
2.023000 2.012558
2.024000 2.013152
2.025000 2.013750
2.026000 2.014352
2.027000 2.014958
2.028000 2.015568
2.029000 2.016182
2.030000 2.016800
2.031000 2.017422
2.032000 2.018047
2.033000 2.018677
2.034000 2.019311
2.035000 2.019949
2.036000 2.020591
2.037000 2.021237
2.038000 2.021887
2.039000 2.022541
2.040000 2.023199
2.041000 2.023861
2.042000 2.024526
2.043000 2.025196
2.044000 2.025870
2.045000 2.026548
2.046000 2.027230
2.047000 2.027916
2.048000 2.028605
2.049000 2.029299
2.050000 2.029997
2.051000 2.030699
2.052000 2.031404
2.053000 2.032114
2.054000 2.032828
2.055000 2.033545
2.056000 2.034267
2.057000 2.034993
2.058000 2.035722
2.059000 2.036456
2.060000 2.037194
2.061000 2.037935
2.062000 2.038681
2.063000 2.039430
2.064000 2.040184
2.065000 2.040941
2.066000 2.041703
2.067000 2.042468
2.068000 2.043237
2.069000 2.044011
2.070000 2.044788
2.071000 2.045569
2.072000 2.046355
2.073000 2.047144
2.074000 2.047937
2.075000 2.048734
2.076000 2.049535
2.077000 2.050340
2.078000 2.051149
2.079000 2.051963
2.080000 2.052780
2.081000 2.053600
2.082000 2.054425
2.083000 2.055254
2.084000 2.056087
2.085000 2.056924
2.086000 2.057765
2.087000 2.058609
2.088000 2.059458
2.089000 2.060311
2.090000 2.061167
2.091000 2.062028
2.092000 2.062892
2.093000 2.063761
2.094000 2.064633
2.095000 2.065509
2.096000 2.066390
2.097000 2.067274
2.098000 2.068162
2.099000 2.069054
2.100000 2.069950
2.101000 2.070850
2.102000 2.071754
2.103000 2.072662
2.104000 2.073574
2.105000 2.074489
2.106000 2.075409
2.107000 2.076332
2.108000 2.077260
2.109000 2.078191
2.110000 2.079127
2.111000 2.080066
2.112000 2.081009
2.113000 2.081956
2.114000 2.082908
2.115000 2.083863
2.116000 2.084821
2.117000 2.085784
2.118000 2.086751
2.119000 2.087722
2.120000 2.088696
2.121000 2.089675
2.122000 2.090657
2.123000 2.091644
2.124000 2.092634
2.125000 2.093628
2.126000 2.094626
2.127000 2.095628
2.128000 2.096634
2.129000 2.097644
2.130000 2.098657
2.131000 2.099675
2.132000 2.100696
2.133000 2.101722
2.134000 2.102751
2.135000 2.103784
2.136000 2.104821
2.137000 2.105862
2.138000 2.106907
2.139000 2.107955
2.140000 2.109008
2.141000 2.110064
2.142000 2.111125
2.143000 2.112189
2.144000 2.113257
2.145000 2.114329
2.146000 2.115405
2.147000 2.116485
2.148000 2.117568
2.149000 2.118656
2.150000 2.119747
2.151000 2.120842
2.152000 2.121941
2.153000 2.123044
2.154000 2.124151
2.155000 2.125261
2.156000 2.126376
2.157000 2.127494
2.158000 2.128616
2.159000 2.129742
2.160000 2.130872
2.161000 2.132006
2.162000 2.133144
2.163000 2.134285
2.164000 2.135430
2.165000 2.136579
2.166000 2.137732
2.167000 2.138889
2.168000 2.140050
2.169000 2.141214
2.170000 2.142382
2.171000 2.143554
2.172000 2.144730
2.173000 2.145910
2.174000 2.147094
2.175000 2.148281
2.176000 2.149472
2.177000 2.150667
2.178000 2.151866
2.179000 2.153069
2.180000 2.154275
2.181000 2.155485
2.182000 2.156699
2.183000 2.157917
2.184000 2.159139
2.185000 2.160364
2.186000 2.161594
2.187000 2.162827
2.188000 2.164063
2.189000 2.165304
2.190000 2.166548
2.191000 2.167797
2.192000 2.169049
2.193000 2.170304
2.194000 2.171564
2.195000 2.172827
2.196000 2.174094
2.197000 2.175365
2.198000 2.176640
2.199000 2.177918
2.200000 2.179200
2.201000 2.180486
2.202000 2.181776
2.203000 2.183069
2.204000 2.184366
2.205000 2.185667
2.206000 2.186972
2.207000 2.188280
2.208000 2.189592
2.209000 2.190908
2.210000 2.192228
2.211000 2.193551
2.212000 2.194878
2.213000 2.196209
2.214000 2.197543
2.215000 2.198882
2.216000 2.200224
2.217000 2.201569
2.218000 2.202919
2.219000 2.204272
2.220000 2.205629
2.221000 2.206989
2.222000 2.208354
2.223000 2.209722
2.224000 2.211093
2.225000 2.212469
2.226000 2.213848
2.227000 2.215230
2.228000 2.216617
2.229000 2.218007
2.230000 2.219401
2.231000 2.220798
2.232000 2.222199
2.233000 2.223604
2.234000 2.225013
2.235000 2.226425
2.236000 2.227841
2.237000 2.229261
2.238000 2.230684
2.239000 2.232111
2.240000 2.233541
2.241000 2.234975
2.242000 2.236413
2.243000 2.237855
2.244000 2.239300
2.245000 2.240748
2.246000 2.242201
2.247000 2.243657
2.248000 2.245117
2.249000 2.246580
2.250000 2.248047
2.251000 2.249517
2.252000 2.250992
2.253000 2.252469
2.254000 2.253951
2.255000 2.255436
2.256000 2.256925
2.257000 2.258417
2.258000 2.259913
2.259000 2.261412
2.260000 2.262915
2.261000 2.264422
2.262000 2.265932
2.263000 2.267446
2.264000 2.268963
2.265000 2.270484
2.266000 2.272009
2.267000 2.273537
2.268000 2.275069
2.269000 2.276604
2.270000 2.278143
2.271000 2.279685
2.272000 2.281231
2.273000 2.282781
2.274000 2.284334
2.275000 2.285890
2.276000 2.287451
2.277000 2.289014
2.278000 2.290582
2.279000 2.292152
2.280000 2.293727
2.281000 2.295305
2.282000 2.296886
2.283000 2.298471
2.284000 2.300059
2.285000 2.301651
2.286000 2.303247
2.287000 2.304846
2.288000 2.306448
2.289000 2.308054
2.290000 2.309664
2.291000 2.311277
2.292000 2.312893
2.293000 2.314513
2.294000 2.316136
2.295000 2.317763
2.296000 2.319394
2.297000 2.321028
2.298000 2.322665
2.299000 2.324306
2.300000 2.325950
2.301000 2.327598
2.302000 2.329249
2.303000 2.330904
2.304000 2.332562
2.305000 2.334223
2.306000 2.335888
2.307000 2.337557
2.308000 2.339228
2.309000 2.340904
2.310000 2.342582
2.311000 2.344265
2.312000 2.345950
2.313000 2.347639
2.314000 2.349331
2.315000 2.351027
2.316000 2.352726
2.317000 2.354429
2.318000 2.356135
2.319000 2.357844
2.320000 2.359557
2.321000 2.361273
2.322000 2.362993
2.323000 2.364716
2.324000 2.366442
2.325000 2.368172
2.326000 2.369905
2.327000 2.371641
2.328000 2.373381
2.329000 2.375124
2.330000 2.376870
2.331000 2.378620
2.332000 2.380373
2.333000 2.382130
2.334000 2.383890
2.335000 2.385653
2.336000 2.387419
2.337000 2.389189
2.338000 2.390962
2.339000 2.392739
2.340000 2.394518
2.341000 2.396301
2.342000 2.398088
2.343000 2.399877
2.344000 2.401670
2.345000 2.403467
2.346000 2.405266
2.347000 2.407069
2.348000 2.408875
2.349000 2.410684
2.350000 2.412497
2.351000 2.414313
2.352000 2.416132
2.353000 2.417954
2.354000 2.419780
2.355000 2.421609
2.356000 2.423441
2.357000 2.425276
2.358000 2.427115
2.359000 2.428957
2.360000 2.430802
2.361000 2.432650
2.362000 2.434502
2.363000 2.436356
2.364000 2.438214
2.365000 2.440076
2.366000 2.441940
2.367000 2.443807
2.368000 2.445678
2.369000 2.447552
2.370000 2.449429
2.371000 2.451309
2.372000 2.453193
2.373000 2.455080
2.374000 2.456969
2.375000 2.458862
2.376000 2.460758
2.377000 2.462658
2.378000 2.464560
2.379000 2.466466
2.380000 2.468374
2.381000 2.470286
2.382000 2.472201
2.383000 2.474119
2.384000 2.476040
2.385000 2.477965
2.386000 2.479892
2.387000 2.481823
2.388000 2.483756
2.389000 2.485693
2.390000 2.487633
2.391000 2.489576
2.392000 2.491522
2.393000 2.493471
2.394000 2.495423
2.395000 2.497378
2.396000 2.499336
2.397000 2.501298
2.398000 2.503262
2.399000 2.505230
2.400000 2.507200
2.401000 2.509174
2.402000 2.511150
2.403000 2.513130
2.404000 2.515112
2.405000 2.517098
2.406000 2.519087
2.407000 2.521078
2.408000 2.523073
2.409000 2.525071
2.410000 2.527071
2.411000 2.529075
2.412000 2.531081
2.413000 2.533091
2.414000 2.535104
2.415000 2.537119
2.416000 2.539138
2.417000 2.541159
2.418000 2.543184
2.419000 2.545211
2.420000 2.547242
2.421000 2.549275
2.422000 2.551311
2.423000 2.553350
2.424000 2.555392
2.425000 2.557437
2.426000 2.559485
2.427000 2.561536
2.428000 2.563590
2.429000 2.565646
2.430000 2.567706
2.431000 2.569768
2.432000 2.571834
2.433000 2.573902
2.434000 2.575973
2.435000 2.578047
2.436000 2.580124
2.437000 2.582203
2.438000 2.584286
2.439000 2.586371
2.440000 2.588460
2.441000 2.590551
2.442000 2.592644
2.443000 2.594741
2.444000 2.596841
2.445000 2.598943
2.446000 2.601048
2.447000 2.603156
2.448000 2.605267
2.449000 2.607381
2.450000 2.609497
2.451000 2.611616
2.452000 2.613738
2.453000 2.615863
2.454000 2.617990
2.455000 2.620120
2.456000 2.622253
2.457000 2.624389
2.458000 2.626528
2.459000 2.628669
2.460000 2.630813
2.461000 2.632959
2.462000 2.635109
2.463000 2.637261
2.464000 2.639416
2.465000 2.641573
2.466000 2.643734
2.467000 2.645897
2.468000 2.648062
2.469000 2.650231
2.470000 2.652402
2.471000 2.654575
2.472000 2.656752
2.473000 2.658931
2.474000 2.661112
2.475000 2.663297
2.476000 2.665484
2.477000 2.667673
2.478000 2.669866
2.479000 2.672060
2.480000 2.674258
2.481000 2.676458
2.482000 2.678661
2.483000 2.680866
2.484000 2.683074
2.485000 2.685285
2.486000 2.687498
2.487000 2.689713
2.488000 2.691932
2.489000 2.694153
2.490000 2.696376
2.491000 2.698602
2.492000 2.700831
2.493000 2.703062
2.494000 2.705295
2.495000 2.707531
2.496000 2.709770
2.497000 2.712011
2.498000 2.714255
2.499000 2.716501
2.500000 2.718750
2.501000 2.721001
2.502000 2.723255
2.503000 2.725511
2.504000 2.727770
2.505000 2.730031
2.506000 2.732295
2.507000 2.734561
2.508000 2.736829
2.509000 2.739101
2.510000 2.741374
2.511000 2.743650
2.512000 2.745928
2.513000 2.748209
2.514000 2.750492
2.515000 2.752778
2.516000 2.755066
2.517000 2.757356
2.518000 2.759649
2.519000 2.761944
2.520000 2.764242
2.521000 2.766542
2.522000 2.768844
2.523000 2.771149
2.524000 2.773456
2.525000 2.775765
2.526000 2.778077
2.527000 2.780391
2.528000 2.782708
2.529000 2.785027
2.530000 2.787348
2.531000 2.789671
2.532000 2.791997
2.533000 2.794325
2.534000 2.796655
2.535000 2.798988
2.536000 2.801323
2.537000 2.803660
2.538000 2.805999
2.539000 2.808341
2.540000 2.810685
2.541000 2.813031
2.542000 2.815379
2.543000 2.817730
2.544000 2.820083
2.545000 2.822438
2.546000 2.824795
2.547000 2.827155
2.548000 2.829517
2.549000 2.831881
2.550000 2.834247
2.551000 2.836615
2.552000 2.838986
2.553000 2.841358
2.554000 2.843733
2.555000 2.846110
2.556000 2.848489
2.557000 2.850871
2.558000 2.853254
2.559000 2.855640
2.560000 2.858028
2.561000 2.860417
2.562000 2.862809
2.563000 2.865203
2.564000 2.867599
2.565000 2.869998
2.566000 2.872398
2.567000 2.874800
2.568000 2.877205
2.569000 2.879611
2.570000 2.882020
2.571000 2.884431
2.572000 2.886843
2.573000 2.889258
2.574000 2.891675
2.575000 2.894094
2.576000 2.896514
2.577000 2.898937
2.578000 2.901362
2.579000 2.903789
2.580000 2.906218
2.581000 2.908648
2.582000 2.911081
2.583000 2.913516
2.584000 2.915952
2.585000 2.918391
2.586000 2.920832
2.587000 2.923274
2.588000 2.925719
2.589000 2.928165
2.590000 2.930613
2.591000 2.933063
2.592000 2.935515
2.593000 2.937969
2.594000 2.940425
2.595000 2.942883
2.596000 2.945343
2.597000 2.947804
2.598000 2.950268
2.599000 2.952733
2.600000 2.955200
2.601000 2.957669
2.602000 2.960140
2.603000 2.962612
2.604000 2.965087
2.605000 2.967563
2.606000 2.970041
2.607000 2.972521
2.608000 2.975002
2.609000 2.977486
2.610000 2.979971
2.611000 2.982458
2.612000 2.984946
2.613000 2.987437
2.614000 2.989929
2.615000 2.992423
2.616000 2.994919
2.617000 2.997416
2.618000 2.999915
2.619000 3.002416
2.620000 3.004918
2.621000 3.007423
2.622000 3.009928
2.623000 3.012436
2.624000 3.014945
2.625000 3.017456
2.626000 3.019969
2.627000 3.022483
2.628000 3.024999
2.629000 3.027516
2.630000 3.030035
2.631000 3.032556
2.632000 3.035078
2.633000 3.037602
2.634000 3.040128
2.635000 3.042655
2.636000 3.045183
2.637000 3.047714
2.638000 3.050246
2.639000 3.052779
2.640000 3.055314
2.641000 3.057850
2.642000 3.060388
2.643000 3.062928
2.644000 3.065469
2.645000 3.068012
2.646000 3.070556
2.647000 3.073101
2.648000 3.075648
2.649000 3.078197
2.650000 3.080747
2.651000 3.083298
2.652000 3.085851
2.653000 3.088406
2.654000 3.090962
2.655000 3.093519
2.656000 3.096077
2.657000 3.098638
2.658000 3.101199
2.659000 3.103762
2.660000 3.106326
2.661000 3.108892
2.662000 3.111459
2.663000 3.114028
2.664000 3.116597
2.665000 3.119169
2.666000 3.121741
2.667000 3.124315
2.668000 3.126890
2.669000 3.129467
2.670000 3.132044
2.671000 3.134624
2.672000 3.137204
2.673000 3.139786
2.674000 3.142369
2.675000 3.144953
2.676000 3.147538
2.677000 3.150125
2.678000 3.152713
2.679000 3.155303
2.680000 3.157893
2.681000 3.160485
2.682000 3.163078
2.683000 3.165672
2.684000 3.168267
2.685000 3.170864
2.686000 3.173462
2.687000 3.176061
2.688000 3.178661
2.689000 3.181262
2.690000 3.183864
2.691000 3.186468
2.692000 3.189073
2.693000 3.191678
2.694000 3.194285
2.695000 3.196893
2.696000 3.199503
2.697000 3.202113
2.698000 3.204724
2.699000 3.207337
2.700000 3.209950
2.701000 3.212565
2.702000 3.215180
2.703000 3.217797
2.704000 3.220414
2.705000 3.223033
2.706000 3.225653
2.707000 3.228273
2.708000 3.230895
2.709000 3.233518
2.710000 3.236142
2.711000 3.238766
2.712000 3.241392
2.713000 3.244018
2.714000 3.246646
2.715000 3.249274
2.716000 3.251904
2.717000 3.254534
2.718000 3.257166
2.719000 3.259798
2.720000 3.262431
2.721000 3.265065
2.722000 3.267699
2.723000 3.270335
2.724000 3.272972
2.725000 3.275609
2.726000 3.278247
2.727000 3.280887
2.728000 3.283526
2.729000 3.286167
2.730000 3.288809
2.731000 3.291451
2.732000 3.294094
2.733000 3.296738
2.734000 3.299383
2.735000 3.302028
2.736000 3.304675
2.737000 3.307322
2.738000 3.309969
2.739000 3.312618
2.740000 3.315267
2.741000 3.317917
2.742000 3.320568
2.743000 3.323219
2.744000 3.325871
2.745000 3.328524
2.746000 3.331177
2.747000 3.333831
2.748000 3.336486
2.749000 3.339141
2.750000 3.341797
2.751000 3.344453
2.752000 3.347111
2.753000 3.349768
2.754000 3.352427
2.755000 3.355086
2.756000 3.357745
2.757000 3.360405
2.758000 3.363066
2.759000 3.365727
2.760000 3.368389
2.761000 3.371051
2.762000 3.373714
2.763000 3.376378
2.764000 3.379041
2.765000 3.381706
2.766000 3.384371
2.767000 3.387036
2.768000 3.389702
2.769000 3.392368
2.770000 3.395035
2.771000 3.397702
2.772000 3.400370
2.773000 3.403038
2.774000 3.405706
2.775000 3.408375
2.776000 3.411044
2.777000 3.413714
2.778000 3.416384
2.779000 3.419054
2.780000 3.421725
2.781000 3.424396
2.782000 3.427067
2.783000 3.429739
2.784000 3.432411
2.785000 3.435083
2.786000 3.437756
2.787000 3.440429
2.788000 3.443102
2.789000 3.445776
2.790000 3.448450
2.791000 3.451124
2.792000 3.453798
2.793000 3.456472
2.794000 3.459147
2.795000 3.461822
2.796000 3.464497
2.797000 3.467173
2.798000 3.469848
2.799000 3.472524
2.800000 3.475200
2.801000 3.477876
2.802000 3.480552
2.803000 3.483229
2.804000 3.485905
2.805000 3.488582
2.806000 3.491259
2.807000 3.493935
2.808000 3.496612
2.809000 3.499289
2.810000 3.501966
2.811000 3.504644
2.812000 3.507321
2.813000 3.509998
2.814000 3.512675
2.815000 3.515353
2.816000 3.518030
2.817000 3.520707
2.818000 3.523385
2.819000 3.526062
2.820000 3.528739
2.821000 3.531416
2.822000 3.534094
2.823000 3.536771
2.824000 3.539448
2.825000 3.542125
2.826000 3.544802
2.827000 3.547479
2.828000 3.550155
2.829000 3.552832
2.830000 3.555508
2.831000 3.558185
2.832000 3.560861
2.833000 3.563537
2.834000 3.566213
2.835000 3.568889
2.836000 3.571564
2.837000 3.574240
2.838000 3.576915
2.839000 3.579590
2.840000 3.582264
2.841000 3.584939
2.842000 3.587613
2.843000 3.590287
2.844000 3.592961
2.845000 3.595634
2.846000 3.598307
2.847000 3.600980
2.848000 3.603653
2.849000 3.606325
2.850000 3.608997
2.851000 3.611668
2.852000 3.614340
2.853000 3.617011
2.854000 3.619681
2.855000 3.622351
2.856000 3.625021
2.857000 3.627690
2.858000 3.630359
2.859000 3.633028
2.860000 3.635696
2.861000 3.638364
2.862000 3.641031
2.863000 3.643698
2.864000 3.646364
2.865000 3.649030
2.866000 3.651695
2.867000 3.654360
2.868000 3.657024
2.869000 3.659688
2.870000 3.662351
2.871000 3.665014
2.872000 3.667676
2.873000 3.670338
2.874000 3.672999
2.875000 3.675659
2.876000 3.678319
2.877000 3.680978
2.878000 3.683637
2.879000 3.686295
2.880000 3.688952
2.881000 3.691609
2.882000 3.694265
2.883000 3.696921
2.884000 3.699575
2.885000 3.702229
2.886000 3.704883
2.887000 3.707535
2.888000 3.710187
2.889000 3.712838
2.890000 3.715489
2.891000 3.718138
2.892000 3.720787
2.893000 3.723436
2.894000 3.726083
2.895000 3.728729
2.896000 3.731375
2.897000 3.734020
2.898000 3.736664
2.899000 3.739308
2.900000 3.741950
2.901000 3.744592
2.902000 3.747232
2.903000 3.749872
2.904000 3.752511
2.905000 3.755149
2.906000 3.757786
2.907000 3.760422
2.908000 3.763058
2.909000 3.765692
2.910000 3.768325
2.911000 3.770958
2.912000 3.773589
2.913000 3.776219
2.914000 3.778849
2.915000 3.781477
2.916000 3.784105
2.917000 3.786731
2.918000 3.789356
2.919000 3.791980
2.920000 3.794604
2.921000 3.797226
2.922000 3.799847
2.923000 3.802466
2.924000 3.805085
2.925000 3.807703
2.926000 3.810319
2.927000 3.812935
2.928000 3.815549
2.929000 3.818162
2.930000 3.820774
2.931000 3.823385
2.932000 3.825994
2.933000 3.828602
2.934000 3.831210
2.935000 3.833815
2.936000 3.836420
2.937000 3.839023
2.938000 3.841625
2.939000 3.844226
2.940000 3.846826
2.941000 3.849424
2.942000 3.852021
2.943000 3.854616
2.944000 3.857210
2.945000 3.859803
2.946000 3.862395
2.947000 3.864985
2.948000 3.867574
2.949000 3.870161
2.950000 3.872747
2.951000 3.875331
2.952000 3.877915
2.953000 3.880496
2.954000 3.883076
2.955000 3.885655
2.956000 3.888232
2.957000 3.890808
2.958000 3.893383
2.959000 3.895955
2.960000 3.898527
2.961000 3.901096
2.962000 3.903665
2.963000 3.906231
2.964000 3.908796
2.965000 3.911360
2.966000 3.913922
2.967000 3.916482
2.968000 3.919041
2.969000 3.921598
2.970000 3.924154
2.971000 3.926707
2.972000 3.929260
2.973000 3.931810
2.974000 3.934359
2.975000 3.936906
2.976000 3.939451
2.977000 3.941995
2.978000 3.944537
2.979000 3.947077
2.980000 3.949616
2.981000 3.952153
2.982000 3.954688
2.983000 3.957221
2.984000 3.959752
2.985000 3.962282
2.986000 3.964809
2.987000 3.967335
2.988000 3.969859
2.989000 3.972382
2.990000 3.974902
2.991000 3.977420
2.992000 3.979937
2.993000 3.982452
2.994000 3.984964
2.995000 3.987475
2.996000 3.989984
2.997000 3.992491
2.998000 3.994996
2.999000 3.997499
3.000000 4.000000
3.001000 4.002499
3.002000 4.004996
3.003000 4.007491
3.004000 4.009984
3.005000 4.012475
3.006000 4.014964
3.007000 4.017450
3.008000 4.019935
3.009000 4.022418
3.010000 4.024898
3.011000 4.027376
3.012000 4.029853
3.013000 4.032327
3.014000 4.034798
3.015000 4.037268
3.016000 4.039736
3.017000 4.042201
3.018000 4.044664
3.019000 4.047125
3.020000 4.049584
3.021000 4.052040
3.022000 4.054495
3.023000 4.056947
3.024000 4.059396
3.025000 4.061844
3.026000 4.064289
3.027000 4.066731
3.028000 4.069172
3.029000 4.071610
3.030000 4.074046
3.031000 4.076479
3.032000 4.078910
3.033000 4.081339
3.034000 4.083765
3.035000 4.086188
3.036000 4.088610
3.037000 4.091029
3.038000 4.093445
3.039000 4.095859
3.040000 4.098271
3.041000 4.100680
3.042000 4.103086
3.043000 4.105490
3.044000 4.107892
3.045000 4.110291
3.046000 4.112687
3.047000 4.115081
3.048000 4.117472
3.049000 4.119861
3.050000 4.122247
3.051000 4.124630
3.052000 4.127011
3.053000 4.129389
3.054000 4.131765
3.055000 4.134138
3.056000 4.136508
3.057000 4.138875
3.058000 4.141240
3.059000 4.143602
3.060000 4.145962
3.061000 4.148318
3.062000 4.150672
3.063000 4.153023
3.064000 4.155371
3.065000 4.157717
3.066000 4.160060
3.067000 4.162399
3.068000 4.164736
3.069000 4.167071
3.070000 4.169402
3.071000 4.171730
3.072000 4.174056
3.073000 4.176379
3.074000 4.178699
3.075000 4.181015
3.076000 4.183329
3.077000 4.185640
3.078000 4.187948
3.079000 4.190253
3.080000 4.192556
3.081000 4.194855
3.082000 4.197151
3.083000 4.199444
3.084000 4.201734
3.085000 4.204021
3.086000 4.206305
3.087000 4.208585
3.088000 4.210863
3.089000 4.213138
3.090000 4.215409
3.091000 4.217678
3.092000 4.219943
3.093000 4.222205
3.094000 4.224464
3.095000 4.226720
3.096000 4.228972
3.097000 4.231221
3.098000 4.233467
3.099000 4.235710
3.100000 4.237950
3.101000 4.240186
3.102000 4.242419
3.103000 4.244649
3.104000 4.246876
3.105000 4.249099
3.106000 4.251319
3.107000 4.253535
3.108000 4.255749
3.109000 4.257958
3.110000 4.260165
3.111000 4.262368
3.112000 4.264567
3.113000 4.266764
3.114000 4.268956
3.115000 4.271146
3.116000 4.273332
3.117000 4.275514
3.118000 4.277693
3.119000 4.279868
3.120000 4.282040
3.121000 4.284209
3.122000 4.286374
3.123000 4.288535
3.124000 4.290693
3.125000 4.292847
3.126000 4.294997
3.127000 4.297144
3.128000 4.299287
3.129000 4.301427
3.130000 4.303563
3.131000 4.305696
3.132000 4.307824
3.133000 4.309949
3.134000 4.312071
3.135000 4.314188
3.136000 4.316302
3.137000 4.318412
3.138000 4.320519
3.139000 4.322621
3.140000 4.324720
3.141000 4.326815
3.142000 4.328906
3.143000 4.330994
3.144000 4.333077
3.145000 4.335157
3.146000 4.337233
3.147000 4.339304
3.148000 4.341373
3.149000 4.343437
3.150000 4.345497
3.151000 4.347553
3.152000 4.349605
3.153000 4.351654
3.154000 4.353698
3.155000 4.355739
3.156000 4.357775
3.157000 4.359807
3.158000 4.361836
3.159000 4.363860
3.160000 4.365880
3.161000 4.367896
3.162000 4.369909
3.163000 4.371917
3.164000 4.373920
3.165000 4.375920
3.166000 4.377916
3.167000 4.379907
3.168000 4.381894
3.169000 4.383878
3.170000 4.385856
3.171000 4.387831
3.172000 4.389801
3.173000 4.391768
3.174000 4.393730
3.175000 4.395687
3.176000 4.397641
3.177000 4.399590
3.178000 4.401535
3.179000 4.403475
3.180000 4.405411
3.181000 4.407343
3.182000 4.409270
3.183000 4.411193
3.184000 4.413112
3.185000 4.415026
3.186000 4.416936
3.187000 4.418841
3.188000 4.420742
3.189000 4.422638
3.190000 4.424530
3.191000 4.426418
3.192000 4.428301
3.193000 4.430179
3.194000 4.432053
3.195000 4.433922
3.196000 4.435787
3.197000 4.437647
3.198000 4.439503
3.199000 4.441354
3.200000 4.443200
3.201000 4.445042
3.202000 4.446879
3.203000 4.448711
3.204000 4.450539
3.205000 4.452362
3.206000 4.454180
3.207000 4.455993
3.208000 4.457802
3.209000 4.459606
3.210000 4.461406
3.211000 4.463200
3.212000 4.464990
3.213000 4.466775
3.214000 4.468555
3.215000 4.470330
3.216000 4.472100
3.217000 4.473866
3.218000 4.475626
3.219000 4.477382
3.220000 4.479133
3.221000 4.480879
3.222000 4.482619
3.223000 4.484355
3.224000 4.486086
3.225000 4.487812
3.226000 4.489533
3.227000 4.491249
3.228000 4.492960
3.229000 4.494666
3.230000 4.496367
3.231000 4.498063
3.232000 4.499753
3.233000 4.501439
3.234000 4.503119
3.235000 4.504794
3.236000 4.506464
3.237000 4.508129
3.238000 4.509789
3.239000 4.511444
3.240000 4.513093
3.241000 4.514737
3.242000 4.516376
3.243000 4.518010
3.244000 4.519638
3.245000 4.521261
3.246000 4.522879
3.247000 4.524492
3.248000 4.526099
3.249000 4.527700
3.250000 4.529297
3.251000 4.530888
3.252000 4.532474
3.253000 4.534054
3.254000 4.535629
3.255000 4.537198
3.256000 4.538762
3.257000 4.540321
3.258000 4.541874
3.259000 4.543421
3.260000 4.544963
3.261000 4.546500
3.262000 4.548031
3.263000 4.549556
3.264000 4.551076
3.265000 4.552590
3.266000 4.554099
3.267000 4.555602
3.268000 4.557099
3.269000 4.558591
3.270000 4.560077
3.271000 4.561557
3.272000 4.563032
3.273000 4.564501
3.274000 4.565964
3.275000 4.567422
3.276000 4.568873
3.277000 4.570319
3.278000 4.571760
3.279000 4.573194
3.280000 4.574623
3.281000 4.576045
3.282000 4.577462
3.283000 4.578874
3.284000 4.580279
3.285000 4.581678
3.286000 4.583071
3.287000 4.584459
3.288000 4.585840
3.289000 4.587216
3.290000 4.588586
3.291000 4.589949
3.292000 4.591307
3.293000 4.592658
3.294000 4.594004
3.295000 4.595344
3.296000 4.596677
3.297000 4.598004
3.298000 4.599326
3.299000 4.600641
3.300000 4.601950
3.301000 4.603253
3.302000 4.604550
3.303000 4.605840
3.304000 4.607125
3.305000 4.608403
3.306000 4.609675
3.307000 4.610941
3.308000 4.612200
3.309000 4.613453
3.310000 4.614700
3.311000 4.615941
3.312000 4.617175
3.313000 4.618403
3.314000 4.619625
3.315000 4.620840
3.316000 4.622049
3.317000 4.623252
3.318000 4.624448
3.319000 4.625638
3.320000 4.626821
3.321000 4.627998
3.322000 4.629168
3.323000 4.630332
3.324000 4.631490
3.325000 4.632640
3.326000 4.633785
3.327000 4.634923
3.328000 4.636054
3.329000 4.637178
3.330000 4.638296
3.331000 4.639408
3.332000 4.640513
3.333000 4.641611
3.334000 4.642702
3.335000 4.643787
3.336000 4.644865
3.337000 4.645937
3.338000 4.647001
3.339000 4.648059
3.340000 4.649110
3.341000 4.650155
3.342000 4.651192
3.343000 4.652223
3.344000 4.653247
3.345000 4.654264
3.346000 4.655275
3.347000 4.656278
3.348000 4.657275
3.349000 4.658264
3.350000 4.659247
3.351000 4.660223
3.352000 4.661191
3.353000 4.662153
3.354000 4.663108
3.355000 4.664056
3.356000 4.664997
3.357000 4.665931
3.358000 4.666858
3.359000 4.667777
3.360000 4.668690
3.361000 4.669595
3.362000 4.670494
3.363000 4.671385
3.364000 4.672269
3.365000 4.673146
3.366000 4.674016
3.367000 4.674879
3.368000 4.675734
3.369000 4.676582
3.370000 4.677423
3.371000 4.678257
3.372000 4.679083
3.373000 4.679902
3.374000 4.680714
3.375000 4.681519
3.376000 4.682316
3.377000 4.683105
3.378000 4.683888
3.379000 4.684663
3.380000 4.685430
3.381000 4.686190
3.382000 4.686943
3.383000 4.687688
3.384000 4.688426
3.385000 4.689156
3.386000 4.689879
3.387000 4.690594
3.388000 4.691302
3.389000 4.692002
3.390000 4.692695
3.391000 4.693380
3.392000 4.694057
3.393000 4.694727
3.394000 4.695389
3.395000 4.696043
3.396000 4.696690
3.397000 4.697329
3.398000 4.697961
3.399000 4.698584
3.400000 4.699200
3.401000 4.699808
3.402000 4.700408
3.403000 4.701001
3.404000 4.701586
3.405000 4.702163
3.406000 4.702732
3.407000 4.703293
3.408000 4.703846
3.409000 4.704392
3.410000 4.704929
3.411000 4.705459
3.412000 4.705980
3.413000 4.706494
3.414000 4.707000
3.415000 4.707498
3.416000 4.707987
3.417000 4.708469
3.418000 4.708942
3.419000 4.709408
3.420000 4.709866
3.421000 4.710315
3.422000 4.710756
3.423000 4.711189
3.424000 4.711614
3.425000 4.712031
3.426000 4.712440
3.427000 4.712840
3.428000 4.713232
3.429000 4.713616
3.430000 4.713992
3.431000 4.714359
3.432000 4.714719
3.433000 4.715069
3.434000 4.715412
3.435000 4.715746
3.436000 4.716072
3.437000 4.716390
3.438000 4.716699
3.439000 4.716999
3.440000 4.717292
3.441000 4.717575
3.442000 4.717851
3.443000 4.718118
3.444000 4.718376
3.445000 4.718626
3.446000 4.718867
3.447000 4.719100
3.448000 4.719324
3.449000 4.719540
3.450000 4.719747
3.451000 4.719945
3.452000 4.720135
3.453000 4.720316
3.454000 4.720489
3.455000 4.720653
3.456000 4.720808
3.457000 4.720954
3.458000 4.721092
3.459000 4.721221
3.460000 4.721341
3.461000 4.721452
3.462000 4.721555
3.463000 4.721648
3.464000 4.721733
3.465000 4.721809
3.466000 4.721876
3.467000 4.721934
3.468000 4.721984
3.469000 4.722024
3.470000 4.722056
3.471000 4.722078
3.472000 4.722092
3.473000 4.722096
3.474000 4.722091
3.475000 4.722078
3.476000 4.722055
3.477000 4.722024
3.478000 4.721983
3.479000 4.721933
3.480000 4.721874
3.481000 4.721806
3.482000 4.721728
3.483000 4.721642
3.484000 4.721546
3.485000 4.721441
3.486000 4.721327
3.487000 4.721204
3.488000 4.721071
3.489000 4.720929
3.490000 4.720778
3.491000 4.720617
3.492000 4.720448
3.493000 4.720268
3.494000 4.720080
3.495000 4.719882
3.496000 4.719674
3.497000 4.719457
3.498000 4.719231
3.499000 4.718995
3.500000 4.718750
3.501000 4.718495
3.502000 4.718231
3.503000 4.717957
3.504000 4.717674
3.505000 4.717381
3.506000 4.717078
3.507000 4.716766
3.508000 4.716444
3.509000 4.716113
3.510000 4.715772
3.511000 4.715421
3.512000 4.715061
3.513000 4.714691
3.514000 4.714311
3.515000 4.713921
3.516000 4.713522
3.517000 4.713112
3.518000 4.712693
3.519000 4.712265
3.520000 4.711826
3.521000 4.711377
3.522000 4.710919
3.523000 4.710451
3.524000 4.709972
3.525000 4.709484
3.526000 4.708986
3.527000 4.708478
3.528000 4.707960
3.529000 4.707432
3.530000 4.706894
3.531000 4.706345
3.532000 4.705787
3.533000 4.705219
3.534000 4.704640
3.535000 4.704052
3.536000 4.703453
3.537000 4.702844
3.538000 4.702225
3.539000 4.701596
3.540000 4.700957
3.541000 4.700307
3.542000 4.699647
3.543000 4.698977
3.544000 4.698297
3.545000 4.697606
3.546000 4.696905
3.547000 4.696193
3.548000 4.695472
3.549000 4.694739
3.550000 4.693997
3.551000 4.693244
3.552000 4.692481
3.553000 4.691707
3.554000 4.690922
3.555000 4.690128
3.556000 4.689322
3.557000 4.688506
3.558000 4.687680
3.559000 4.686843
3.560000 4.685996
3.561000 4.685137
3.562000 4.684269
3.563000 4.683389
3.564000 4.682499
3.565000 4.681598
3.566000 4.680687
3.567000 4.679765
3.568000 4.678832
3.569000 4.677888
3.570000 4.676934
3.571000 4.675969
3.572000 4.674993
3.573000 4.674006
3.574000 4.673008
3.575000 4.672000
3.576000 4.670980
3.577000 4.669950
3.578000 4.668909
3.579000 4.667857
3.580000 4.666794
3.581000 4.665719
3.582000 4.664634
3.583000 4.663538
3.584000 4.662431
3.585000 4.661313
3.586000 4.660183
3.587000 4.659043
3.588000 4.657892
3.589000 4.656729
3.590000 4.655555
3.591000 4.654370
3.592000 4.653174
3.593000 4.651967
3.594000 4.650748
3.595000 4.649518
3.596000 4.648277
3.597000 4.647025
3.598000 4.645761
3.599000 4.644486
3.600000 4.643200
3.601000 4.641902
3.602000 4.640593
3.603000 4.639273
3.604000 4.637941
3.605000 4.636598
3.606000 4.635243
3.607000 4.633877
3.608000 4.632499
3.609000 4.631110
3.610000 4.629709
3.611000 4.628296
3.612000 4.626873
3.613000 4.625437
3.614000 4.623990
3.615000 4.622531
3.616000 4.621061
3.617000 4.619579
3.618000 4.618085
3.619000 4.616580
3.620000 4.615062
3.621000 4.613533
3.622000 4.611993
3.623000 4.610440
3.624000 4.608876
3.625000 4.607300
3.626000 4.605712
3.627000 4.604112
3.628000 4.602500
3.629000 4.600877
3.630000 4.599241
3.631000 4.597594
3.632000 4.595934
3.633000 4.594263
3.634000 4.592579
3.635000 4.590884
3.636000 4.589177
3.637000 4.587457
3.638000 4.585725
3.639000 4.583982
3.640000 4.582226
3.641000 4.580458
3.642000 4.578678
3.643000 4.576886
3.644000 4.575081
3.645000 4.573264
3.646000 4.571435
3.647000 4.569594
3.648000 4.567741
3.649000 4.565875
3.650000 4.563997
3.651000 4.562106
3.652000 4.560204
3.653000 4.558289
3.654000 4.556361
3.655000 4.554421
3.656000 4.552469
3.657000 4.550504
3.658000 4.548526
3.659000 4.546537
3.660000 4.544534
3.661000 4.542519
3.662000 4.540492
3.663000 4.538452
3.664000 4.536399
3.665000 4.534334
3.666000 4.532256
3.667000 4.530166
3.668000 4.528063
3.669000 4.525947
3.670000 4.523818
3.671000 4.521677
3.672000 4.519523
3.673000 4.517356
3.674000 4.515177
3.675000 4.512984
3.676000 4.510779
3.677000 4.508561
3.678000 4.506330
3.679000 4.504086
3.680000 4.501829
3.681000 4.499559
3.682000 4.497277
3.683000 4.494981
3.684000 4.492672
3.685000 4.490351
3.686000 4.488016
3.687000 4.485668
3.688000 4.483307
3.689000 4.480933
3.690000 4.478546
3.691000 4.476146
3.692000 4.473733
3.693000 4.471306
3.694000 4.468867
3.695000 4.466414
3.696000 4.463947
3.697000 4.461468
3.698000 4.458975
3.699000 4.456469
3.700000 4.453950
3.701000 4.451417
3.702000 4.448871
3.703000 4.446312
3.704000 4.443739
3.705000 4.441153
3.706000 4.438553
3.707000 4.435940
3.708000 4.433313
3.709000 4.430673
3.710000 4.428020
3.711000 4.425352
3.712000 4.422672
3.713000 4.419977
3.714000 4.417269
3.715000 4.414548
3.716000 4.411813
3.717000 4.409064
3.718000 4.406301
3.719000 4.403525
3.720000 4.400735
3.721000 4.397931
3.722000 4.395113
3.723000 4.392282
3.724000 4.389437
3.725000 4.386578
3.726000 4.383705
3.727000 4.380818
3.728000 4.377918
3.729000 4.375003
3.730000 4.372075
3.731000 4.369132
3.732000 4.366176
3.733000 4.363206
3.734000 4.360221
3.735000 4.357223
3.736000 4.354210
3.737000 4.351184
3.738000 4.348143
3.739000 4.345088
3.740000 4.342019
3.741000 4.338936
3.742000 4.335839
3.743000 4.332727
3.744000 4.329601
3.745000 4.326461
3.746000 4.323307
3.747000 4.320139
3.748000 4.316956
3.749000 4.313758
3.750000 4.310547
3.751000 4.307321
3.752000 4.304081
3.753000 4.300826
3.754000 4.297557
3.755000 4.294273
3.756000 4.290975
3.757000 4.287662
3.758000 4.284335
3.759000 4.280993
3.760000 4.277637
3.761000 4.274266
3.762000 4.270881
3.763000 4.267481
3.764000 4.264066
3.765000 4.260637
3.766000 4.257193
3.767000 4.253734
3.768000 4.250260
3.769000 4.246772
3.770000 4.243269
3.771000 4.239751
3.772000 4.236218
3.773000 4.232671
3.774000 4.229108
3.775000 4.225531
3.776000 4.221939
3.777000 4.218332
3.778000 4.214710
3.779000 4.211073
3.780000 4.207421
3.781000 4.203754
3.782000 4.200072
3.783000 4.196375
3.784000 4.192662
3.785000 4.188935
3.786000 4.185193
3.787000 4.181435
3.788000 4.177663
3.789000 4.173875
3.790000 4.170072
3.791000 4.166253
3.792000 4.162420
3.793000 4.158571
3.794000 4.154707
3.795000 4.150827
3.796000 4.146933
3.797000 4.143023
3.798000 4.139097
3.799000 4.135156
3.800000 4.131200
3.801000 4.127228
3.802000 4.123241
3.803000 4.119238
3.804000 4.115220
3.805000 4.111187
3.806000 4.107137
3.807000 4.103072
3.808000 4.098992
3.809000 4.094896
3.810000 4.090784
3.811000 4.086657
3.812000 4.082514
3.813000 4.078355
3.814000 4.074181
3.815000 4.069991
3.816000 4.065785
3.817000 4.061563
3.818000 4.057326
3.819000 4.053072
3.820000 4.048803
3.821000 4.044518
3.822000 4.040217
3.823000 4.035900
3.824000 4.031567
3.825000 4.027219
3.826000 4.022854
3.827000 4.018473
3.828000 4.014076
3.829000 4.009663
3.830000 4.005234
3.831000 4.000789
3.832000 3.996328
3.833000 3.991851
3.834000 3.987358
3.835000 3.982848
3.836000 3.978322
3.837000 3.973780
3.838000 3.969222
3.839000 3.964647
3.840000 3.960056
3.841000 3.955449
3.842000 3.950826
3.843000 3.946186
3.844000 3.941530
3.845000 3.936857
3.846000 3.932168
3.847000 3.927462
3.848000 3.922740
3.849000 3.918002
3.850000 3.913247
3.851000 3.908475
3.852000 3.903687
3.853000 3.898883
3.854000 3.894061
3.855000 3.889223
3.856000 3.884369
3.857000 3.879498
3.858000 3.874610
3.859000 3.869705
3.860000 3.864784
3.861000 3.859846
3.862000 3.854891
3.863000 3.849919
3.864000 3.844931
3.865000 3.839925
3.866000 3.834903
3.867000 3.829864
3.868000 3.824808
3.869000 3.819735
3.870000 3.814645
3.871000 3.809538
3.872000 3.804414
3.873000 3.799273
3.874000 3.794115
3.875000 3.788940
3.876000 3.783748
3.877000 3.778539
3.878000 3.773313
3.879000 3.768069
3.880000 3.762808
3.881000 3.757530
3.882000 3.752235
3.883000 3.746923
3.884000 3.741593
3.885000 3.736246
3.886000 3.730882
3.887000 3.725500
3.888000 3.720101
3.889000 3.714685
3.890000 3.709251
3.891000 3.703800
3.892000 3.698331
3.893000 3.692845
3.894000 3.687341
3.895000 3.681820
3.896000 3.676281
3.897000 3.670725
3.898000 3.665151
3.899000 3.659559
3.900000 3.653950
3.901000 3.648323
3.902000 3.642679
3.903000 3.637016
3.904000 3.631336
3.905000 3.625639
3.906000 3.619923
3.907000 3.614190
3.908000 3.608439
3.909000 3.602670
3.910000 3.596883
3.911000 3.591079
3.912000 3.585256
3.913000 3.579415
3.914000 3.573557
3.915000 3.567680
3.916000 3.561786
3.917000 3.555873
3.918000 3.549943
3.919000 3.543994
3.920000 3.538028
3.921000 3.532043
3.922000 3.526040
3.923000 3.520019
3.924000 3.513979
3.925000 3.507922
3.926000 3.501846
3.927000 3.495752
3.928000 3.489640
3.929000 3.483509
3.930000 3.477360
3.931000 3.471193
3.932000 3.465007
3.933000 3.458803
3.934000 3.452580
3.935000 3.446340
3.936000 3.440080
3.937000 3.433802
3.938000 3.427506
3.939000 3.421191
3.940000 3.414858
3.941000 3.408505
3.942000 3.402135
3.943000 3.395745
3.944000 3.389338
3.945000 3.382911
3.946000 3.376466
3.947000 3.370002
3.948000 3.363519
3.949000 3.357017
3.950000 3.350497
3.951000 3.343958
3.952000 3.337400
3.953000 3.330823
3.954000 3.324227
3.955000 3.317612
3.956000 3.310979
3.957000 3.304326
3.958000 3.297655
3.959000 3.290964
3.960000 3.284255
3.961000 3.277526
3.962000 3.270778
3.963000 3.264012
3.964000 3.257226
3.965000 3.250421
3.966000 3.243597
3.967000 3.236753
3.968000 3.229891
3.969000 3.223009
3.970000 3.216108
3.971000 3.209187
3.972000 3.202248
3.973000 3.195288
3.974000 3.188310
3.975000 3.181312
3.976000 3.174295
3.977000 3.167259
3.978000 3.160202
3.979000 3.153127
3.980000 3.146032
3.981000 3.138917
3.982000 3.131783
3.983000 3.124630
3.984000 3.117456
3.985000 3.110263
3.986000 3.103051
3.987000 3.095819
3.988000 3.088567
3.989000 3.081295
3.990000 3.074004
3.991000 3.066693
3.992000 3.059362
3.993000 3.052011
3.994000 3.044641
3.995000 3.037250
3.996000 3.029840
3.997000 3.022410
3.998000 3.014960
3.999000 3.007490
4.000000 3.000000
4.001000 2.992490
