-0.075700
-0.031480
-0.101080
0.004500
-0.042930
-0.018740
-0.066570
0.044180
0.089560
0.004450
-0.032260
0.046670
-0.088210
0.023020
-0.172220
-0.211790
0.027340
-0.149100
-0.046350
0.029110
0.131570
0.036600
-0.052300
-0.159440
-0.057150
0.013440
0.037630
0.035660
0.139660
-0.004170
0.044770
-0.137660
0.003330
-0.164560
0.102150
-0.025090
-0.141460
-0.197490
-0.108340
-0.096160
0.027530
0.036720
-0.070620
-0.107880
-0.033590
-0.182640
0.014880
-0.051480
-0.098000
0.045210
-0.067710
0.022690
0.008160
-0.071420
0.087950
0.125100
0.047960
0.088490
0.083140
0.050640
0.120200
-0.005590
-0.027810
-0.081640
-0.003260
-0.132120
0.080440
0.031930
-0.109310
-0.100300
0.106380
0.013280
0.064300
-0.027670
-0.114060
0.022100
-0.087590
-0.053970
-0.005930
0.037140
0.030440
0.115200
-0.132550
0.057690
-0.032280
0.105730
0.005440
-0.099640
-0.081410
0.021870
0.021490
0.224400
0.113070
0.113940
-0.087910
0.053670
0.004490
-0.151340
0.215910
0.087790
-0.031570
-0.135030
-0.033180
-0.070170
-0.074690
0.064390
-0.001280
-0.029330
-0.051470
-0.082030
0.105230
0.077790
-0.026860
0.078930
-0.212520
-0.027810
-0.065460
0.120260
-0.012680
-0.129980
0.092430
-0.009440
-0.000850
-0.196350
-0.106610
-0.095420
-0.031810
-0.057520
-0.015790
0.062590
0.055550
0.069870
-0.051080
0.004580
-0.075360
-0.121410
0.028420
-0.114430
0.021070
0.036260
0.006890
0.092340
-0.026860
0.116310
0.078290
-0.108520
-0.038320
-0.094340
-0.003930
0.015410
0.013060
-0.218760
0.237290
-0.006360
-0.056290
-0.059520
0.048400
-0.021500
-0.014270
0.049600
0.104920
0.011870
-0.012190
0.052960
0.062240
0.031680
0.037280
-0.096300
-0.184180
0.072160
-0.162560
0.159050
0.020660
0.021330
0.009770
0.060860
0.001980
-0.162580
-0.091620
-0.086160
0.099930
-0.033800
-0.080370
-0.013430
-0.013800
0.086610
-0.033100
-0.035020
-0.126870
0.008870
0.078330
-0.069420
-0.048230
-0.024420
-0.092670
0.005310
0.053120
-0.098620
0.157420
0.080930
-0.032040
0.056820
0.010150
-0.121500
-0.064910
-0.027350
-0.166080
0.008660
-0.146900
0.174250
-0.001580
0.019200
-0.055150
0.177180
-0.110230
-0.077610
-0.088330
0.016890
0.021930
-0.203860
-0.001320
0.086220
0.049450
0.135470
-0.212050
0.107500
0.054710
0.046870
0.055850
0.072320
-0.072130
-0.131390
0.103060
-0.019830
0.069790
0.010690
0.246050
-0.033930
0.120580
0.072510
-0.054580
0.057880
-0.095050
0.016210
-0.064110
-0.040150
-0.042720
-0.029390
-0.040260
-0.002640
0.079770
-0.100210
-0.043540
-0.079760
0.034590
-0.079540
-0.125550
-0.088940
-0.053640
0.040070
0.058210
-0.063150
-0.020840
-0.062470
-0.167480
0.154840
0.059260
-0.024020
-0.144850
0.025110
-0.070620
-0.084030
-0.044020
-0.027140
0.066020
-0.031000
-0.016390
-0.207380
-0.221960
-0.013560
-0.034300
0.062380
0.151150
-0.127370
0.034470
0.069630
-0.146100
0.032780
0.061330
0.223130
0.108780
-0.109320
-0.027130
-0.040590
-0.053220
0.112990
-0.080560
0.107280
-0.182140
0.062530
-0.051990
0.042330
0.018980
-0.029540
0.041500
0.118450
-0.003800
-0.028030
0.018920
0.029600
-0.042620
-0.017820
-0.153310
-0.230460
-0.012060
0.042750
0.074160
-0.045220
0.005050
-0.059380
-0.126380
-0.028810
-0.176640
-0.082370
0.053120
0.034850
-0.086600
-0.078100
0.124710
-0.075540
-0.117520
-0.120210
0.003330
-0.162160
-0.092370
0.126040
-0.019580
0.051620
-0.124860
-0.081050
0.093720
0.012600
0.146620
0.074390
-0.022260
0.026940
-0.022650
0.057960
-0.048750
0.283240
-0.113300
-0.050990
-0.149040
-0.047280
0.032310
0.069120
-0.009460
-0.136270
0.135570
0.045400
0.137040
-0.123650
-0.104940
0.077530
-0.004170
-0.102870
0.052320
-0.037950
0.026400
0.161000
-0.001520
0.030180
-0.018190
0.078380
-0.027240
0.068190
-0.116840
0.133580
0.069440
0.097270
0.031300
-0.243490
-0.031800
-0.062860
0.180590
0.067100
0.089790
0.114430
0.051290
-0.002700
0.153460
-0.063010
-0.181340
0.011090
-0.205500
-0.049720
-0.047870
0.082240
0.120860
0.036740
0.012340
0.115680
0.023140
0.018300
-0.080400
-0.094470
-0.092330
-0.044610
0.129670
0.140590
-0.176580
0.005870
-0.031870
-0.078800
0.034890
0.016280
0.171170
0.129160
-0.105140
0.068850
0.176990
-0.011770
0.013990
-0.086430
0.031260
0.104940
0.176600
0.107370
0.071480
0.045640
0.003350
-0.067570
-0.150250
-0.013970
-0.062830
0.150090
0.052300
-0.166300
-0.112300
-0.082630
-0.098790
0.067400
-0.005530
-0.058590
-0.205140
0.074350
0.134870
-0.032590
0.074180
-0.076430
-0.022530
-0.093960
-0.044730
0.120570
0.111290
-0.055780
0.025530
-0.061900
-0.040080
0.050850
-0.151060
0.010920
-0.003890
-0.138670
0.066340
0.003930
0.058210
0.117360
0.127800
-0.041710
0.048740
0.026280
-0.171830
0.117050
-0.004550
-0.111030
-0.086760
0.098500
0.019260
0.137440
-0.074800
0.019260
-0.088050
0.071520
0.101660
-0.201110
0.167280
-0.145400
-0.029690
-0.025070
0.085940
-0.182530
0.128170
-0.073760
0.000270
-0.063400
0.097970
-0.045130
0.072300
-0.062380
