1 0.333333333333333310000 
2 0.200000000000000010000 
3 0.111111111111111100000 
4 0.052631578947368418000 
5 0.027027027027027029000 
6 0.013698630136986301000 
7 0.006896551724137930900 
8 0.003436426116838487900 
9 0.001721170395869191100 
10 0.000861326442721791560 
11 0.000430477830391734830 
12 0.000215192597374650330 
13 0.000107607876896588830 
14 0.000053806833467850420 
15 0.000026904140547230218 
16 0.000013452251234244050 
17 0.000006726170858192140 
18 0.000003363074118790504 
19 0.000001681539886966889 
20 0.000000840770650378137 
21 0.000000420385148465321 
22 0.000000210192530051752 
23 0.000000105096276071102 
24 0.000000052548135274244 
25 0.000000026274068327449 
26 0.000000013137033991143 
27 0.000000006568516952426 
28 0.000000003284258465427 
29 0.000000001642129230017 
30 0.000000000821064614334 
31 0.000000000410532307336 
32 0.000000000205266153710 
33 0.000000000102633076866 
34 0.000000000051316538430 
35 0.000000000025658269214 
36 0.000000000012829134607 
37 0.000000000006414567304 
38 0.000000000003207283652 
39 0.000000000001603641826 
40 0.000000000000801820913 
41 0.000000000000400910456 
42 0.000000000000200455228 
43 0.000000000000100227614 
44 0.000000000000050113807 
45 0.000000000000025056904 
46 0.000000000000012528452 
47 0.000000000000006264226 
48 0.000000000000003132113 
49 0.000000000000001566056 
