0 1.000000000000000000000 
1 0.823677716564810260000 
2 0.647355433129620630000 
3 0.471033149694430890000 
4 0.294710866259241260000 
5 0.118388582824051600000 
6 0.057933700611138048000 
7 0.100756354480532610000 
8 0.083124126137013629000 
9 0.065491897793494638000 
10 0.047859669449975661000 
11 0.030227441106456674000 
12 0.012595212762937692000 
13 0.005037015580581292800 
14 0.010831989928585794000 
15 0.009068767094233895100 
16 0.007305544259881995900 
17 0.005542321425530097500 
18 0.003779098591178199100 
19 0.002015875756826300700 
20 0.000252652922474402390 
21 0.001510569911877496100 
22 0.000076330639039232144 
23 0.000099991644395938125 
24 0.000058698410695793413 
25 0.000041066182352354695 
26 0.000023433954008915967 
27 0.000005801725665477246 
28 0.000011830502677961478 
29 0.000004038502831074646 
30 0.000002275279996672047 
31 0.000000512057162269447 
32 0.000001251165672133152 
33 0.000000335734878927066 
34 0.000000159412595584684 
35 0.000000016909687757697 
36 0.000000141780367152568 
37 0.000000124148138720451 
38 0.000000106515910288334 
39 0.000000088883681856218 
40 0.000000071251453424101 
41 0.000000053619224991984 
42 0.000000035986996559868 
43 0.000000018354768127751 
44 0.000000000722539695634 
45 0.000000016909688736482 
46 0.000000001040683088850 
47 0.000000000546217397610 
48 0.000000000369895099586 
49 0.000000000193572801562 
50 0.000000000017250503538 
51 0.000000000159071794486 
52 0.000000000000381726265 
53 0.000000000015487319709 
54 0.000000000013724135880 
55 0.000000000011960952051 
56 0.000000000010197768222 
57 0.000000000008434584394 
58 0.000000000006671400565 
59 0.000000000004908216736 
60 0.000000000003145032907 
61 0.000000000001381849078 
62 0.000000000000381334751 
63 0.000000000001205471968 
64 0.000000000001029094858 
65 0.000000000000852717748 
66 0.000000000000676340638 
67 0.000000000000499963528 
68 0.000000000000323586418 
69 0.000000000000147209308 
70 0.000000000000029167802 
71 0.000000000000129591173 
72 0.000000000000111973038 
73 0.000000000000094354902 
74 0.000000000000076736767 
75 0.000000000000059118632 
76 0.000000000000041500496 
77 0.000000000000023882361 
78 0.000000000000006264226 
79 0.000000000000011353909 
80 0.000000000000004502412 
81 0.000000000000002740599 
82 0.000000000000000978785 
83 0.000000000000000783028 
84 0.000000000000000783028 
85 0.000000000000000587271 
86 0.000000000000000391514 
87 0.000000000000000195757 
88 0.000000000000000000000 
89 0.000000000000000195757 
90 0.000000000000000000000 
