1 1.000000000000000000000 
2 0.500000000000000000000 
3 0.333333333333333370000 
4 0.249999999999999940000 
5 0.199999999999999960000 
6 0.166666666666666630000 
7 0.176470588235294050000 
8 0.019230769230769246000 
9 0.018867924528301903000 
10 0.018518518518518535000 
11 0.018181818181818195000 
12 0.017857142857142870000 
13 0.017543859649122820000 
14 0.016042780748663114000 
15 0.001779359430604983600 
16 0.001776198934280640800 
17 0.001773049645390072400 
18 0.001769911504424780300 
19 0.001766784452296821100 
20 0.001763668430335098400 
21 0.001760563380281691500 
22 0.001587021689296441200 
23 0.000176304654442857850 
24 0.000158699370492557880 
25 0.000017632952461479919 
26 0.000017632641545949767 
27 0.000017632330641383948 
28 0.000017632019747781881 
29 0.000015869069596318614 
30 0.000001763226846237372 
31 0.000001763223737273943 
32 0.000001763220628321477 
33 0.000001586901083838261 
34 0.000000176322311450379 
35 0.000000176322280360827 
36 0.000000158690077409402 
37 0.000000017632230621125 
38 0.000000017632230310230 
39 0.000000017632229999334 
40 0.000000017632229688439 
41 0.000000017632229377543 
42 0.000000017632229066648 
43 0.000000017632228755752 
44 0.000000017632228444857 
45 0.000000017632228133961 
46 0.000000015869005631118 
47 0.000000001586900487327 
48 0.000000000176322298089 
49 0.000000000176322298058 
50 0.000000000176322298027 
51 0.000000000176322297996 
52 0.000000000158690068222 
53 0.000000000015869045974 
54 0.000000000001763183829 
55 0.000000000001763183829 
56 0.000000000001763183829 
57 0.000000000001763183829 
58 0.000000000001763183829 
59 0.000000000001763183829 
60 0.000000000001763183829 
61 0.000000000001763183829 
62 0.000000000001763183829 
63 0.000000000001586806719 
64 0.000000000000176377110 
65 0.000000000000176377110 
66 0.000000000000176377110 
67 0.000000000000176377110 
68 0.000000000000176377110 
69 0.000000000000176377110 
70 0.000000000000176377110 
71 0.000000000000158758975 
72 0.000000000000017618135 
73 0.000000000000017618135 
74 0.000000000000017618135 
75 0.000000000000017618135 
76 0.000000000000017618135 
77 0.000000000000017618135 
78 0.000000000000017618135 
79 0.000000000000017618135 
80 0.000000000000015856322 
81 0.000000000000001761814 
82 0.000000000000001761814 
83 0.000000000000001761814 
84 0.000000000000001566056 
85 0.000000000000000195757 
86 0.000000000000000195757 
87 0.000000000000000195757 
88 0.000000000000000195757 
89 0.000000000000000195757 
90 0.000000000000000195757 
