0 0.118388582824051600000 
1 0.322417125763922620000 
2 0.102014271469935510000 
3 0.008187155677058043100 
4 0.046913557896438730000 
5 0.019363201109690344000 
6 0.005588022716316151100 
7 0.001299566480370946000 
8 0.002144228117972602400 
9 0.000422330818800828200 
10 0.000438617830785058940 
11 0.000008143505992115386 
12 0.000207093656404356400 
13 0.000099475075206120498 
14 0.000045665784607002555 
15 0.000018761139307443587 
16 0.000005308816657664100 
17 0.000001417344667225643 
18 0.000001945735995219228 
19 0.000000264195663996793 
20 0.000000576574501614425 
21 0.000000156189418808816 
22 0.000000054003122593988 
23 0.000000051093148107414 
24 0.000000001454987243287 
25 0.000000024819080432064 
26 0.000000011682046594388 
27 0.000000005113529675551 
28 0.000000001829271216132 
29 0.000000000187141986422 
30 0.000000000633922628432 
31 0.000000000223390321005 
32 0.000000000018124167291 
33 0.000000000084508909566 
34 0.000000000033192371137 
35 0.000000000007534101923 
36 0.000000000005295032684 
37 0.000000000001119534619 
38 0.000000000002087749032 
39 0.000000000000484107206 
40 0.000000000000317713706 
41 0.000000000000083196750 
42 0.000000000000117258478 
43 0.000000000000017030864 
44 0.000000000000033082943 
45 0.000000000000008026039 
46 0.000000000000004502412 
47 0.000000000000001761814 
48 0.000000000000001370299 
49 0.000000000000000195757 
