1 1.000000000000000000000 
2 1.718281828459045100000 
3 0.468536394613384370000 
4 0.383091465933331380000 
5 0.174467896811512480000 
6 0.111566225253813160000 
7 0.059033508144086734000 
8 0.034808669796245278000 
9 0.019308039312598228000 
10 0.011088682420515694000 
11 0.006244191191832817500 
12 0.003555684137995690800 
13 0.002011965161354723500 
14 0.001142556402214122800 
15 0.000647515677971471810 
16 0.000367387724419489350 
17 0.000208312084805066530 
18 0.000118158688756571540 
19 0.000067007797019464699 
20 0.000038004666241701860 
21 0.000021553562737659759 
22 0.000012224128554736682 
23 0.000006932777789230419 
24 0.000003931896001714836 
25 0.000002229942776573184 
26 0.000001264698904149195 
27 0.000000717264912432405 
28 0.000000406792170893003 
29 0.000000230709389593081 
30 0.000000130845301824523 
31 0.000000074208028821982 
32 0.000000042086587677408 
33 0.000000023869125248353 
34 0.000000013537214578152 
35 0.000000007677540341648 
36 0.000000004354265375271 
37 0.000000002469492325725 
38 0.000000001400556015005 
39 0.000000000794315978595 
40 0.000000000450491021376 
41 0.000000000255492912572 
42 0.000000000144900941006 
43 0.000000000082179596320 
44 0.000000000046607602379 
45 0.000000000026433075653 
46 0.000000000014991271322 
47 0.000000000008502120579 
48 0.000000000004821887873 
49 0.000000000002734726112 
50 0.000000000001550983177 
51 0.000000000000879536465 
52 0.000000000000498788986 
53 0.000000000000282868950 
54 0.000000000000160325031 
55 0.000000000000090831275 
56 0.000000000000051484106 
57 0.000000000000029167802 
58 0.000000000000016443593 
59 0.000000000000009200582 
60 0.000000000000005089684 
61 0.000000000000002936356 
62 0.000000000000001761814 
63 0.000000000000000978785 
64 0.000000000000000587271 
65 0.000000000000000391514 
66 0.000000000000000195757 
