0 1.000000000000000000000 
1 0.763222834351896860000 
2 0.351346569037897570000 
3 0.220503952458299540000 
4 0.117553695818168660000 
5 0.068942444241140585000 
6 0.038345696409532358000 
7 0.021985705031590246000 
8 0.012391628654580064000 
9 0.007052582192241287900 
10 0.003991836026303948900 
11 0.002266507672775434800 
12 0.001284608802079173500 
13 0.000728822725207471070 
14 0.000413261502431260170 
15 0.000234405957072425870 
16 0.000132932929420623190 
17 0.000075394861045131208 
18 0.000042758775390607346 
19 0.000024250646611263068 
20 0.000013753496933378185 
21 0.000007800233927112891 
22 0.000004423840550028201 
23 0.000002508954633227173 
24 0.000001422935773652184 
25 0.000000807008802504449 
26 0.000000457689522805307 
27 0.000000259575575811550 
28 0.000000147216535194919 
29 0.000000083492873660752 
30 0.000000047352421967930 
31 0.000000026855608846954 
32 0.000000015230978189433 
33 0.000000008638147265104 
34 0.000000004899067246728 
35 0.000000002778473116252 
36 0.000000001575792252157 
37 0.000000000893700075774 
38 0.000000000506855938521 
39 0.000000000287460040302 
40 0.000000000163030981001 
41 0.000000000092461931594 
42 0.000000000052439009404 
43 0.000000000029740586919 
44 0.000000000016867015459 
45 0.000000000009566060194 
46 0.000000000005425211128 
47 0.000000000003076909451 
48 0.000000000001744978422 
49 0.000000000000989747689 
50 0.000000000000561235488 
51 0.000000000000318300978 
52 0.000000000000180488008 
53 0.000000000000102380942 
54 0.000000000000057944089 
55 0.000000000000032887186 
56 0.000000000000018596921 
57 0.000000000000010570881 
58 0.000000000000005872712 
59 0.000000000000003327870 
60 0.000000000000001761814 
61 0.000000000000001174542 
62 0.000000000000000587271 
63 0.000000000000000391514 
64 0.000000000000000195757 
65 0.000000000000000195757 
66 0.000000000000000000000 
