0 24.988762
1 38.910404
2 35.699310
3 34.292850
4 47.632774
5 40.666538
6 51.348465
7 42.640781
8 41.514465
9 45.949902
10 53.937302
11 41.476952
12 40.579193
13 42.264187
14 42.561462
15 45.509262
16 43.153675
17 36.547596
18 41.749561
19 33.822399
20 21.831856
21 34.845085
22 15.929170
23 18.149591
24 19.568773
25 16.244677
26 12.229495
27 8.568484
28 17.298948
29 3.449398
30 7.038911
31 11.076708
32 2.561939
33 4.483706
34 4.821310
35 22.544710
36 20.615202
37 21.986290
38 16.604719
39 28.411690
40 24.344162
41 26.336279
42 39.320843
43 33.230827
44 32.000881
45 40.568794
46 37.876900
47 47.873356
48 52.513332
49 46.759998
50 43.585354
51 42.970867
52 51.907875
53 53.397797
54 40.452084
55 51.091980
56 38.348022
57 48.259384
58 38.872971
59 32.242371
60 27.426664
61 31.489088
62 37.495613
63 25.513464
64 23.609615
65 20.849281
66 14.294454
67 8.002506
68 10.024913
69 6.406085
70 6.182378
71 2.381275
72 14.020766
73 10.108949
74 10.643840
75 11.613429
76 18.995941
77 12.760328
78 15.866965
79 11.268541
80 24.911123
81 25.735365
82 20.677837
83 32.672462
84 31.651983
85 34.549488
86 31.299908
87 46.841469
88 43.117100
89 50.075687
90 53.673252
91 56.873913
92 48.650707
93 50.986187
94 53.872822
95 43.313156
96 46.319756
97 47.914936
98 45.130241
99 51.005756
100 43.589188
101 41.934811
102 42.102234
103 38.155071
104 25.159513
105 33.182827
106 19.291870
107 26.551559
108 11.023443
109 20.764294
110 18.824846
111 9.248659
112 11.071129
113 5.318700
114 4.008271
115 15.146812
116 7.731214
117 10.748351
118 14.175381
119 12.980255
120 16.122440
121 27.553827
122 14.219814
123 24.060526
124 35.012169
125 25.008453
126 38.982090
127 32.866299
128 46.596306
129 48.110798
130 37.353310
131 48.273476
132 52.828175
133 51.982491
134 44.710503
135 52.995857
136 53.832150
137 45.223053
138 49.182251
139 51.733112
140 36.908184
141 41.748451
142 35.302418
143 37.625011
144 42.776363
145 27.820448
146 36.823650
147 33.853271
148 30.976019
149 12.256510
150 15.755818
151 8.530105
152 7.629354
153 6.096252
154 5.965231
155 13.261689
156 11.001427
157 5.190289
158 13.824036
159 14.888433
160 11.359576
161 20.204428
162 15.381557
163 24.842068
164 25.530704
165 27.387085
166 21.347063
167 26.344162
168 27.311073
169 30.181168
170 39.889988
171 50.376701
172 52.585461
173 39.466660
174 53.978054
175 42.085701
176 51.764725
177 50.999874
178 56.785870
179 53.127518
180 54.039604
181 54.546558
182 42.681911
183 41.487541
184 46.012730
185 38.313053
186 42.449139
187 28.485310
188 20.488121
189 29.524887
190 21.662155
191 21.964214
192 12.491655
193 20.300007
194 20.438490
195 3.948908
196 4.864715
197 2.210258
198 16.000237
199 7.239367
200 5.922279
201 9.033635
202 9.548477
203 19.432785
204 18.644241
205 12.133180
206 30.843708
207 33.714951
208 29.682425
209 30.679489
210 37.638836
211 43.494007
212 42.180874
213 36.639103
214 40.813488
215 51.655190
216 51.122852
217 47.183517
218 51.813358
219 42.998238
220 45.733997
221 45.026573
222 48.891857
223 42.355324
224 38.451488
225 41.223103
226 43.720211
227 29.999027
228 42.120659
229 23.149750
230 27.153019
231 31.197767
232 16.350365
233 13.674756
234 13.231030
235 8.074066
236 10.252308
237 9.806666
238 13.769608
239 15.164423
240 9.004702
241 18.294033
242 18.025917
243 11.183917
244 5.742029
245 18.665260
246 11.910418
247 17.427082
248 31.158733
249 30.044024
250 35.018158
251 28.014341
252 30.965288
253 44.804726
254 35.468884
255 39.897934
256 42.037327
257 42.839012
258 48.262527
259 42.275909
260 57.856392
261 49.990944
262 55.676544
263 42.920250
264 52.739052
265 44.159470
266 48.216980
267 35.955208
268 35.424946
269 34.683025
270 31.791014
271 35.813866
272 33.818439
273 23.872007
274 17.040737
275 13.388216
276 20.974012
277 18.852345
278 15.070861
279 10.669569
280 13.679939
281 8.124196
282 17.014820
283 16.354269
284 5.134918
285 7.339236
286 13.940177
287 15.901787
288 17.180014
289 13.723690
290 22.475693
291 34.374218
292 23.354170
293 33.348625
294 33.290337
295 34.113239
296 35.753933
297 35.153118
298 39.256912
299 47.018070
300 44.397038
301 57.362850
302 55.893810
303 55.978001
304 44.613529
305 45.808578
306 43.581230
307 52.959042
308 51.978451
309 47.683933
310 38.127018
311 42.365131
312 25.460297
313 38.477749
314 25.484476
315 30.547695
316 25.733360
317 14.104677
318 15.720679
319 14.634907
320 10.894200
321 16.537655
322 4.595732
323 4.089588
324 5.030589
325 16.420059
326 18.249252
327 16.499548
328 15.142866
329 22.142302
330 16.452950
331 13.022921
332 28.794497
333 20.705435
334 31.690363
335 30.682245
336 27.613888
337 44.419456
338 38.035942
339 43.404583
340 53.472187
341 40.192318
342 45.526348
343 51.444317
344 55.925606
345 55.959412
346 46.544968
347 52.691589
348 42.418438
349 40.754105
350 38.735970
351 33.409351
352 42.826508
353 35.045437
354 27.128599
355 28.141500
356 27.151224
357 24.224924
358 20.428322
359 25.824219
360 13.471101
361 7.421813
362 8.722377
363 7.410959
364 2.517011
365 12.060609
366 5.052003
367 7.491385
368 4.368890
369 13.664808
370 15.350039
371 23.386732
372 25.729151
373 22.324690
374 25.115055
375 26.037586
376 35.026646
377 31.015106
378 40.935852
379 44.723293
380 40.314831
381 51.652260
382 50.683086
383 46.361706
384 47.650421
385 44.520287
386 48.951767
387 51.935173
388 43.470882
389 52.569313
390 43.250721
391 42.544712
392 45.489605
393 43.131546
394 34.523502
395 40.724033
396 35.796021
397 30.805212
398 24.818777
399 30.903788
400 23.125706
401 21.546921
402 20.225348
403 13.213122
404 20.555437
405 6.289519
406 13.443798
407 15.037268
408 18.079058
409 16.568228
410 8.493793
411 11.834970
412 18.561636
413 24.635014
414 11.008539
415 19.628910
416 20.437279
417 32.370571
418 34.362919
419 38.347115
420 40.256142
421 42.024666
422 38.590519
423 43.896072
424 39.889553
425 55.526184
426 44.769218
427 50.590736
428 44.972286
429 46.905304
430 42.391289
431 46.441792
432 40.078125
433 46.330925
434 45.239426
435 44.850597
436 43.218086
437 28.401014
438 38.462650
439 29.468977
440 22.487230
441 22.584373
442 24.825598
443 15.272860
444 16.983488
445 15.008896
446 7.393430
447 14.173369
448 3.376115
449 15.019570
450 15.111743
451 2.650563
452 15.623930
453 15.009984
454 9.777596
455 22.887072
456 15.291036
457 26.935499
458 22.761074
459 26.704304
460 27.699089
461 27.678177
462 38.574657
463 41.323486
464 41.862934
465 41.135960
466 44.091526
467 50.685711
468 46.882710
469 48.655647
470 54.987160
471 55.869804
472 41.306217
473 41.309052
474 45.900703
475 39.112804
476 49.985504
477 38.566578
478 43.910347
479 30.076468
480 28.128582
481 34.132893
482 22.156677
483 25.266773
484 15.528085
485 17.002115
486 19.745590
487 9.809190
488 7.236401
489 5.062543
490 3.313980
491 11.007523
492 12.150052
493 9.738370
494 7.759262
495 18.189802
496 9.997862
497 25.142839
498 25.576559
499 17.244368
