1.000000 33.199493
2.000000 36.300854
3.000000 39.208309
4.000000 40.864056
5.000000 46.549259
6.000000 44.885258
7.000000 45.167904
8.000000 43.368382
9.000000 47.133892
10.000000 47.121387
11.000000 45.331146
12.000000 41.440109
13.000000 41.801617
14.000000 43.444973
15.000000 43.741467
16.000000 41.736843
17.000000 40.483612
18.000000 37.373184
19.000000 32.467937
20.000000 30.166449
21.000000 24.202036
22.000000 22.974615
23.000000 17.882513
24.000000 17.987680
25.000000 16.014315
26.000000 12.347552
27.000000 12.698976
28.000000 9.772277
29.000000 9.262420
30.000000 7.188339
31.000000 6.892519
32.000000 6.040784
33.000000 3.955652
34.000000 10.616576
35.000000 15.993741
36.000000 21.715401
37.000000 19.735405
38.000000 22.334234
39.000000 23.120192
40.000000 26.364044
41.000000 30.000427
42.000000 32.962650
43.000000 34.850849
44.000000 35.266834
45.000000 36.815525
46.000000 42.106350
47.000000 46.087864
48.000000 49.048893
49.000000 47.619564
50.000000 44.438740
51.000000 46.154697
52.000000 49.425510
53.000000 48.585918
54.000000 48.313953
55.000000 43.297363
56.000000 45.899796
57.000000 41.826794
58.000000 39.791576
59.000000 32.847336
60.000000 30.386042
61.000000 32.137119
62.000000 31.499390
63.000000 28.872900
64.000000 23.324120
65.000000 19.584450
66.000000 14.382080
67.000000 10.773957
68.000000 8.144502
69.000000 7.537792
70.000000 4.989913
71.000000 7.528140
72.000000 8.836997
73.000000 11.591186
74.000000 10.788739
75.000000 13.751071
76.000000 14.456566
77.000000 15.874412
78.000000 13.298612
79.000000 17.348877
80.000000 20.638344
81.000000 23.774775
82.000000 26.361887
83.000000 28.334093
84.000000 32.957977
85.000000 32.500458
86.000000 37.563622
87.000000 40.419491
88.000000 46.678085
89.000000 48.955349
90.000000 53.540951
91.000000 53.065960
92.000000 52.170269
93.000000 51.169907
94.000000 49.390720
95.000000 47.835247
96.000000 45.849285
97.000000 46.454975
98.000000 48.016979
99.000000 46.575062
100.000000 45.509918
101.000000 42.542080
102.000000 40.730709
103.000000 35.138943
104.000000 32.165802
105.000000 25.878069
106.000000 26.342087
107.000000 18.955626
108.000000 19.446432
109.000000 16.870861
110.000000 16.279266
111.000000 13.048211
112.000000 8.546163
113.000000 6.799366
114.000000 8.157928
115.000000 8.962099
116.000000 11.208793
117.000000 10.884982
118.000000 12.634663
119.000000 14.426025
120.000000 18.885508
121.000000 19.298695
122.000000 21.944723
123.000000 24.430838
124.000000 28.027048
125.000000 33.000904
126.000000 32.285614
127.000000 39.481564
128.000000 42.524464
129.000000 44.020142
130.000000 44.579193
131.000000 46.151653
132.000000 51.028046
133.000000 49.840393
134.000000 49.896282
135.000000 50.512836
136.000000 50.683685
137.000000 49.412487
138.000000 48.712803
139.000000 45.941181
140.000000 43.463245
141.000000 37.986347
142.000000 38.225296
143.000000 38.567932
144.000000 36.073940
145.000000 35.806820
146.000000 32.832455
147.000000 33.884315
148.000000 25.695267
149.000000 19.662783
150.000000 12.180812
151.000000 10.638426
152.000000 7.418570
153.000000 6.563612
154.000000 8.441058
155.000000 10.076116
156.000000 9.817801
157.000000 10.005250
158.000000 11.300919
159.000000 13.357348
160.000000 15.484146
161.000000 15.648520
162.000000 20.142683
163.000000 21.918112
164.000000 25.919952
165.000000 24.754951
166.000000 25.026102
167.000000 25.000765
168.000000 27.945467
169.000000 32.460743
170.000000 40.149284
171.000000 47.617386
172.000000 47.476273
173.000000 48.676727
174.000000 45.176807
175.000000 49.276157
176.000000 48.283432
177.000000 53.183491
178.000000 53.637756
179.000000 54.651001
180.000000 53.904560
181.000000 50.422695
182.000000 46.238667
183.000000 43.394058
184.000000 41.937775
185.000000 42.258305
186.000000 36.415833
187.000000 30.474190
188.000000 26.166107
189.000000 23.891722
190.000000 24.383753
191.000000 18.706009
192.000000 18.251959
193.000000 17.743385
194.000000 14.895801
195.000000 9.750705
196.000000 3.674627
197.000000 7.691737
198.000000 8.483288
199.000000 9.720628
200.000000 7.398427
201.000000 8.168130
202.000000 12.671632
203.000000 15.875168
204.000000 16.736734
205.000000 20.540377
206.000000 25.563944
207.000000 31.413694
208.000000 31.358955
209.000000 32.666916
210.000000 37.270779
211.000000 41.104572
212.000000 40.771328
213.000000 39.877823
214.000000 43.035931
215.000000 47.863842
216.000000 49.987186
217.000000 50.039906
218.000000 47.331707
219.000000 46.848530
220.000000 44.586273
221.000000 46.550812
222.000000 45.424580
223.000000 43.232891
224.000000 40.676636
225.000000 41.131603
226.000000 38.314114
227.000000 38.613300
228.000000 31.756479
229.000000 30.807810
230.000000 27.166845
231.000000 24.900383
232.000000 20.407629
233.000000 14.418716
234.000000 11.659950
235.000000 10.519135
236.000000 9.377681
237.000000 11.276195
238.000000 12.913567
239.000000 12.646245
240.000000 14.154386
241.000000 15.108218
242.000000 15.834622
243.000000 11.650620
244.000000 11.863735
245.000000 12.105903
246.000000 16.000921
247.000000 20.165411
248.000000 26.209946
249.000000 32.073639
250.000000 31.025507
251.000000 31.332596
252.000000 34.594784
253.000000 37.079632
254.000000 40.057178
255.000000 39.134716
256.000000 41.591423
257.000000 44.379623
258.000000 44.459148
259.000000 49.464947
260.000000 50.041080
261.000000 54.507961
262.000000 49.529247
263.000000 50.445282
264.000000 46.606258
265.000000 48.371838
266.000000 42.777222
267.000000 39.865711
268.000000 35.354397
269.000000 33.966328
270.000000 34.095966
271.000000 33.807774
272.000000 31.168106
273.000000 24.910395
274.000000 18.100319
275.000000 17.134321
276.000000 17.738192
277.000000 18.299072
278.000000 14.864258
279.000000 13.140122
280.000000 10.824569
281.000000 12.939651
282.000000 13.831096
283.000000 12.834668
284.000000 9.609474
285.000000 8.804776
286.000000 12.393733
287.000000 15.673993
288.000000 15.601830
289.000000 17.793131
290.000000 23.524534
291.000000 26.734694
292.000000 30.359003
293.000000 29.997711
294.000000 33.584064
295.000000 34.385838
296.000000 35.006763
297.000000 36.721321
298.000000 40.476032
299.000000 43.557339
300.000000 49.592651
301.000000 52.551235
302.000000 56.411556
303.000000 52.161777
304.000000 48.800037
305.000000 44.667774
306.000000 47.449615
307.000000 49.506241
308.000000 50.873810
309.000000 45.929798
310.000000 42.725361
311.000000 35.317482
312.000000 35.434391
313.000000 29.807508
314.000000 31.503305
315.000000 27.255178
316.000000 23.461912
317.000000 18.519571
318.000000 14.820087
319.000000 13.749928
320.000000 14.022254
321.000000 10.675862
322.000000 8.407659
323.000000 4.571970
324.000000 8.513412
325.000000 13.233299
326.000000 17.056288
327.000000 16.630556
328.000000 17.928238
329.000000 17.912706
330.000000 17.206057
331.000000 19.423456
332.000000 20.840950
333.000000 27.063431
334.000000 27.692680
335.000000 29.995499
336.000000 34.238529
337.000000 36.689762
338.000000 41.953327
339.000000 44.970901
340.000000 45.689697
341.000000 46.396954
342.000000 45.720993
343.000000 50.965424
344.000000 54.443111
345.000000 52.809998
346.000000 51.731991
347.000000 47.218334
348.000000 45.288044
349.000000 40.636173
350.000000 37.633144
351.000000 38.323944
352.000000 37.093765
353.000000 35.000183
354.000000 30.105179
355.000000 27.473776
356.000000 26.505882
357.000000 23.934824
358.000000 23.492487
359.000000 19.907881
360.000000 15.572377
361.000000 9.871764
362.000000 7.851717
363.000000 6.216782
364.000000 7.329526
365.000000 6.543208
366.000000 8.201332
367.000000 5.637426
368.000000 8.508361
369.000000 11.127912
370.000000 17.467194
371.000000 21.488640
372.000000 23.813524
373.000000 24.389633
374.000000 24.492441
375.000000 28.726431
376.000000 30.693113
377.000000 35.659199
378.000000 38.891418
379.000000 41.991329
380.000000 45.563461
381.000000 47.550060
382.000000 49.565685
383.000000 48.231739
384.000000 46.177471
385.000000 47.040821
386.000000 48.469074
387.000000 48.119274
388.000000 49.325123
389.000000 46.430302
390.000000 46.121582
391.000000 43.761677
392.000000 43.721954
393.000000 41.048218
394.000000 39.459690
395.000000 37.014519
396.000000 35.775089
397.000000 30.473337
398.000000 28.842592
399.000000 26.282755
400.000000 25.192139
401.000000 21.632658
402.000000 18.328465
403.000000 17.997969
404.000000 13.352693
405.000000 13.429585
406.000000 11.590195
407.000000 15.520041
408.000000 16.561518
409.000000 14.380360
410.000000 12.298997
411.000000 12.963466
412.000000 18.343874
413.000000 18.068396
414.000000 18.424154
415.000000 17.024910
416.000000 24.145586
417.000000 29.056923
418.000000 35.026867
419.000000 37.655392
420.000000 40.209309
421.000000 40.290440
422.000000 41.503754
423.000000 40.792049
424.000000 46.437271
425.000000 46.728321
426.000000 50.295380
427.000000 46.777416
428.000000 47.489441
429.000000 44.756298
430.000000 45.246128
431.000000 42.970402
432.000000 44.283611
433.000000 43.882824
434.000000 45.473648
435.000000 44.436035
436.000000 38.823231
437.000000 36.693920
438.000000 32.110882
439.000000 30.139618
440.000000 24.846861
441.000000 23.299067
442.000000 20.894278
443.000000 19.027315
444.000000 15.755081
445.000000 13.128605
446.000000 12.191898
447.000000 8.314304
448.000000 10.856351
449.000000 11.169143
450.000000 10.927292
451.000000 11.128746
452.000000 11.094826
453.000000 13.470504
454.000000 15.891551
455.000000 15.985234
456.000000 21.704536
457.000000 21.662537
458.000000 25.466959
459.000000 25.721489
460.000000 27.360525
461.000000 31.317307
462.000000 35.858776
463.000000 40.587025
464.000000 41.440792
465.000000 42.363476
466.000000 45.304398
467.000000 47.219982
468.000000 48.741352
469.000000 50.175171
470.000000 53.170868
471.000000 50.721058
472.000000 46.161694
473.000000 42.838654
474.000000 42.107517
475.000000 44.999668
476.000000 42.554962
477.000000 44.154144
478.000000 37.517799
479.000000 34.038467
480.000000 30.779312
481.000000 28.139383
482.000000 27.185448
483.000000 20.983845
484.000000 19.265657
485.000000 17.425264
486.000000 15.518964
487.000000 12.263726
488.000000 7.369377
489.000000 5.204308
490.000000 6.461348
491.000000 8.823852
492.000000 10.965314
493.000000 9.882562
494.000000 11.895810
495.000000 11.982308
496.000000 17.776834
497.000000 20.239088
498.000000 22.654589
