24.98876265
38.91040413
35.69931068
34.29284947
47.6327752
40.66653819
51.34846451
42.64078172
41.51446716
45.94989973
53.93730057
41.47695262
40.5791943
42.26418733
42.56146394
45.50926361
43.15367435
36.5475976
41.74956025
33.82240016
21.83185505
34.84508612
15.92916975
18.14959113
19.56877363
16.24467682
12.22949491
8.568484552
17.29894845
3.449397647
7.038911225
11.07670782
2.561938612
4.483706353
4.821310131
22.54471025
20.61520285
21.98628915
16.60471964
28.41169004
24.34416182
26.33627801
39.32084212
33.23082727
32.00088148
40.56879529
37.8768989
47.87335728
52.51333427
46.75999954
43.58535565
42.97086691
51.90787555
53.39779622
40.4520842
51.09197816
38.34802314
48.2593846
38.87296887
32.2423697
27.42666468
31.48908847
37.4956127
25.51346438
23.60961613
20.84928212
14.29445352
8.002506248
10.02491251
6.406084801
6.182378494
2.381275399
14.02076656
10.10894824
10.64384005
11.61342949
18.99594166
12.76032832
15.86696516
11.26854164
24.91112354
25.73536417
20.67783717
32.67246094
31.65198269
34.54948878
31.29990747
46.84147029
43.11709922
50.07568853
53.67325254
56.87391339
48.65070684
50.98618777
53.87282202
43.31315553
46.3197572
47.91493662
45.13024303
51.0057568
43.58918931
41.93481146
42.10223485
38.15507305
25.15951295
33.18282837
19.29186924
26.55156027
11.02344289
20.76429315
18.8248467
9.248659328
11.07112879
5.318699898
4.008270573
15.14681239
7.731214001
10.748351
14.1753807
12.98025506
16.12244052
27.55382821
14.21981439
24.06052677
35.01216906
25.00845376
38.98209075
32.86629858
46.59630414
48.11079739
37.35330825
48.27347475
52.82817409
51.98249107
44.71050223
52.995858
53.83214991
45.22305449
49.18225071
51.73311277
36.9081852
41.74845192
35.3024159
37.62500983
42.77636248
27.82044832
36.82365082
33.85327159
30.97601893
12.25650975
15.75581835
8.530104879
7.629354054
6.096252644
5.965230801
13.26168884
11.00142679
5.190289582
13.82403576
14.88843276
11.35957651
20.2044283
15.38155673
24.84206819
25.5307049
27.38708588
21.34706296
26.34416145
27.31107297
30.18116708
39.88998766
50.37670044
52.58545921
39.46666001
53.97805513
42.08570189
51.76472493
50.99987486
56.78587071
53.12751857
54.03960359
54.54655801
42.68191241
41.48754271
46.01272972
38.31305241
42.4491397
28.48530891
20.48812129
29.5248872
21.66215449
21.96421398
12.49165558
20.30000764
20.43848983
3.948907836
4.864714455
2.210258335
16.00023715
7.239367518
5.922279092
9.033635149
9.548477027
19.43278464
18.64424051
12.1331801
30.84370719
33.71494919
29.6824242
30.67948911
37.63883632
43.49400527
42.18087502
36.63910426
40.81348647
51.65518971
51.12285329
47.18351666
51.8133596
42.9982372
45.73399751
45.02657478
48.89185619
42.35532509
38.45148865
41.22310293
43.72021266
29.99902738
42.12065903
23.14974956
27.1530192
31.19776804
16.35036466
13.6747556
13.23102927
8.074066487
10.252308
9.806666563
13.76960818
15.16442293
9.004701984
18.29403232
18.02591621
11.18391712
5.742028837
18.66525954
11.9104176
17.42708163
31.15873276
30.04402401
35.01815795
28.01434194
30.96528816
44.80472471
35.46888396
39.89793466
42.03732555
42.83901052
48.26252762
42.27590773
57.8563925
49.9909455
55.67654497
42.92025165
52.73905028
44.15946807
48.21697906
35.95520734
35.42494744
34.68302354
31.79101334
35.81386515
33.8184393
23.87200661
17.04073759
13.38821644
20.97401308
18.8523453
15.07086119
10.66956904
13.67993885
8.124195585
17.01482004
16.35426854
5.134917823
7.33923618
13.94017722
15.90178725
17.18001275
13.72368968
22.47569254
34.37421728
23.35416929
33.34862526
33.29033617
34.11323753
35.75393307
35.15311846
39.25691316
47.01807049
44.39703864
57.36284897
55.89381145
55.97800181
44.61352933
45.80857926
43.58122905
52.95904233
51.97844994
47.68393169
38.12701752
42.36513022
25.46029582
38.47775063
25.48447619
30.547695
25.73336082
14.10467753
15.7206797
14.63490677
10.89420072
16.53765403
4.595731836
4.08958767
5.030588441
16.42005914
18.24925311
16.49954842
15.14286615
22.14230092
16.45294973
13.0229204
28.79449692
20.70543567
31.69036322
30.68224455
27.61388845
44.41945652
38.03594175
43.40458352
53.47218724
40.19231899
45.52634832
51.44431581
55.92560588
55.9594098
46.54496841
52.69158917
42.41843713
40.75410454
38.73596873
33.40935267
42.82650715
35.04543731
27.12859998
28.14150104
27.15122429
24.2249249
20.42832125
25.82421902
13.47110074
7.421812374
8.722376515
7.41095883
2.517010935
12.06060897
5.052002743
7.491385529
4.368889737
13.66480851
15.35003832
23.38673253
25.72915137
22.32468918
25.11505577
26.03758551
35.0266447
31.01510551
40.93585354
44.7232951
40.31483027
51.65225873
50.6830869
46.36170675
47.65042009
44.52028521
48.9517668
51.93517472
43.4708816
52.56931446
43.25072054
42.54471263
45.48960399
43.13154792
34.52350129
40.72403519
35.7960196
30.80521144
24.81877781
30.90378758
23.12570513
21.54692021
20.22534677
13.21312235
20.55543717
6.289519257
13.44379841
15.03726768
18.07905689
16.56822753
8.493793889
11.83496974
18.56163517
24.63501298
11.00853959
19.62891071
20.43727844
32.37057291
34.36291864
38.34711401
40.2561404
42.02466737
38.59051977
43.89607408
39.88955253
55.52618588
44.76921888
50.59073569
44.97228681
46.90530343
42.39128984
46.44178969
40.0781267
46.33092581
45.23942537
44.85059598
43.2180856
28.40101473
38.46264872
29.46897692
22.48723076
22.58437382
24.82559801
15.2728595
16.98348728
15.00889571
7.393429875
14.17336965
3.376114947
15.0195704
15.11174323
2.650563422
15.62393025
15.00998399
9.777596856
22.88707208
15.2910354
26.93549897
22.76107386
26.70430372
27.69908998
27.67817619
38.57465848
41.32348812
41.86293232
41.13596063
44.09152575
50.68570988
46.8827111
48.65564734
54.98716011
55.86980436
41.30621564
41.30905093
45.90070442
39.11280451
49.98550361
38.56657628
43.91034643
30.07646726
28.12858157
34.13289253
22.15667686
25.26677393
15.52808475
17.00211437
19.74559063
9.809190191
7.236400439
5.062542836
3.313979695
11.00752213
12.15005251
9.738369927
7.759262025
18.18980177
9.997862334
25.14283856
25.57655892
17.24436729
