210420200000
210420200001
210420200002
210420200003
210420200004
210420200005
210420200006
210420200007
210420200008
210420200009
210420200010
210420200011
210420200012
210420200013
210420200014
210420200015
210420200016
210420200017
210420200018
210420200019
210420200020
210420200021
210420200022
210420200023
210420200024
210420200025
210420200026
210420200027
210420200028
210420200029
210420200030
210420200031
210420200032
210420200033
210420200034
210420200035
210420200036
210420200037
210420200038
210420200039
210420200040
210420200041
210420200042
210420200043
210420200044
210420200045
210420200046
210420200047
210420200048
210420200049
210420200050
210420200051
210420200052
210420200053
210420200054
210420200055
210420200056
210420200057
210420200058
210420200059
210420200100
210420200101
210420200102
210420200103
210420200104
210420200105
210420200106
210420200107
210420200108
210420200109
210420200110
210420200111
210420200112
210420200113
210420200114
210420200115
210420200116
210420200117
210420200118
210420200119
210420200120
210420200121
210420200122
210420200123
210420200124
210420200125
210420200126
210420200127
210420200128
210420200129
210420200130
210420200131
210420200132
210420200133
210420200134
210420200135
210420200136
210420200137
210420200138
210420200139
210420200140
210420200141
210420200142
210420200143
210420200144
210420200145
210420200146
210420200147
210420200148
210420200149
210420200150
210420200151
210420200152
210420200153
210420200154
210420200155
210420200156
210420200157
210420200158
210420200159
210420200200
210420200201
210420200202
210420200203
210420200204
210420200205
210420200206
210420200207
210420200208
210420200209
210420200210
210420200211
210420200212
210420200213
210420200214
210420200215
210420200216
210420200217
210420200218
210420200219
210420200220
210420200221
210420200222
210420200223
210420200224
210420200225
210420200226
210420200227
210420200228
210420200229
210420200230
210420200231
210420200232
210420200233
210420200234
210420200235
210420200236
210420200237
210420200238
210420200239
210420200240
210420200241
210420200242
210420200243
210420200244
210420200245
210420200246
210420200247
210420200248
210420200249
210420200250
210420200251
210420200252
210420200253
210420200254
210420200255
210420200256
210420200257
210420200258
210420200259
210420200300
210420200301
210420200302
210420200303
210420200304
210420200305
210420200306
210420200307
210420200308
210420200309
210420200310
210420200311
210420200312
210420200313
210420200314
210420200315
210420200316
210420200317
210420200318
210420200319
210420200320
210420200321
210420200322
210420200323
210420200324
210420200325
210420200326
210420200327
210420200328
210420200329
210420200330
210420200331
210420200332
210420200333
210420200334
210420200335
210420200336
210420200337
210420200338
210420200339
210420200340
210420200341
210420200342
210420200343
210420200344
210420200345
210420200346
210420200347
210420200348
210420200349
210420200350
210420200351
210420200352
210420200353
210420200354
210420200355
210420200356
210420200357
210420200358
210420200359
210420200400
210420200401
210420200402
210420200403
210420200404
210420200405
210420200406
210420200407
210420200408
210420200409
210420200410
210420200411
210420200412
210420200413
210420200414
210420200415
210420200416
210420200417
210420200418
210420200419
210420200420
210420200421
210420200422
210420200423
210420200424
210420200425
210420200426
210420200427
210420200428
210420200429
210420200430
210420200431
210420200432
210420200433
210420200434
210420200435
210420200436
210420200437
210420200438
210420200439
210420200440
210420200441
210420200442
210420200443
210420200444
210420200445
210420200446
210420200447
210420200448
210420200449
210420200450
210420200451
210420200452
210420200453
210420200454
210420200455
210420200456
210420200457
210420200458
210420200459
210420200500
210420200501
210420200502
210420200503
210420200504
210420200505
210420200506
210420200507
210420200508
210420200509
210420200510
210420200511
210420200512
210420200513
210420200514
210420200515
210420200516
210420200517
210420200518
210420200519
210420200520
210420200521
210420200522
210420200523
210420200524
210420200525
210420200526
210420200527
210420200528
210420200529
210420200530
210420200531
210420200532
210420200533
210420200534
210420200535
210420200536
210420200537
210420200538
210420200539
210420200540
210420200541
210420200542
210420200543
210420200544
210420200545
210420200546
210420200547
210420200548
210420200549
210420200550
210420200551
210420200552
210420200553
210420200554
210420200555
210420200556
210420200557
210420200558
210420200559
210420200600
210420200601
210420200602
210420200603
210420200604
210420200605
210420200606
210420200607
210420200608
210420200609
210420200610
210420200611
210420200612
210420200613
210420200614
210420200615
210420200616
210420200617
210420200618
210420200619
210420200620
210420200621
210420200622
210420200623
210420200624
210420200625
210420200626
210420200627
210420200628
210420200629
210420200630
210420200631
210420200632
210420200633
210420200634
210420200635
210420200636
210420200637
210420200638
210420200639
210420200640
210420200641
210420200642
210420200643
210420200644
210420200645
210420200646
210420200647
210420200648
210420200649
210420200650
210420200651
210420200652
210420200653
210420200654
210420200655
210420200656
210420200657
210420200658
210420200659
210420200700
210420200701
210420200702
210420200703
210420200704
210420200705
210420200706
210420200707
210420200708
210420200709
210420200710
210420200711
210420200712
210420200713
210420200714
210420200715
210420200716
210420200717
210420200718
210420200719
210420200720
210420200721
210420200722
210420200723
210420200724
210420200725
210420200726
210420200727
210420200728
210420200729
210420200730
210420200731
210420200732
210420200733
210420200734
210420200735
210420200736
210420200737
210420200738
210420200739
210420200740
210420200741
210420200742
210420200743
210420200744
210420200745
210420200746
210420200747
210420200748
210420200749
210420200750
210420200751
210420200752
210420200753
210420200754
210420200755
210420200756
210420200757
210420200758
210420200759
210420200800
210420200801
210420200802
210420200803
210420200804
210420200805
210420200806
210420200807
210420200808
210420200809
210420200810
210420200811
210420200812
210420200813
210420200814
210420200815
210420200816
210420200817
210420200818
210420200819
210420200820
210420200821
210420200822
210420200823
210420200824
210420200825
210420200826
210420200827
210420200828
210420200829
210420200830
210420200831
210420200832
210420200833
210420200834
210420200835
210420200836
210420200837
210420200838
210420200839
210420200840
210420200841
210420200842
210420200843
210420200844
210420200845
210420200846
210420200847
210420200848
210420200849
210420200850
210420200851
210420200852
210420200853
210420200854
210420200855
210420200856
210420200857
210420200858
210420200859
210420200900
210420200901
210420200902
210420200903
210420200904
210420200905
210420200906
210420200907
210420200908
210420200909
210420200910
210420200911
210420200912
210420200913
210420200914
210420200915
210420200916
210420200917
210420200918
210420200919
210420200920
210420200921
210420200922
210420200923
210420200924
210420200925
210420200926
210420200927
210420200928
210420200929
210420200930
210420200931
210420200932
210420200933
210420200934
210420200935
210420200936
210420200937
210420200938
210420200939
210420200940
210420200941
210420200942
210420200943
210420200944
210420200945
210420200946
210420200947
210420200948
210420200949
210420200950
210420200951
210420200952
210420200953
210420200954
210420200955
210420200956
210420200957
210420200958
210420200959
210420201000
210420201001
210420201002
210420201003
210420201004
210420201005
210420201006
210420201007
210420201008
210420201009
210420201010
210420201011
210420201012
210420201013
210420201014
210420201015
210420201016
210420201017
210420201018
210420201019
210420201020
210420201021
210420201022
210420201023
210420201024
210420201025
210420201026
210420201027
210420201028
210420201029
210420201030
210420201031
210420201032
210420201033
210420201034
210420201035
210420201036
210420201037
210420201038
210420201039
210420201040
210420201041
210420201042
210420201043
210420201044
210420201045
210420201046
210420201047
210420201048
210420201049
210420201050
210420201051
210420201052
210420201053
210420201054
210420201055
210420201056
210420201057
210420201058
210420201059
210420201100
210420201101
210420201102
210420201103
210420201104
210420201105
210420201106
210420201107
210420201108
210420201109
210420201110
210420201111
210420201112
210420201113
210420201114
210420201115
210420201116
210420201117
210420201118
210420201119
210420201120
210420201121
210420201122
210420201123
210420201124
210420201125
210420201126
210420201127
210420201128
210420201129
210420201130
210420201131
210420201132
210420201133
210420201134
210420201135
210420201136
210420201137
210420201138
210420201139
210420201140
210420201141
210420201142
210420201143
210420201144
210420201145
210420201146
210420201147
210420201148
210420201149
210420201150
210420201151
210420201152
210420201153
210420201154
210420201155
210420201156
210420201157
210420201158
210420201159
210420201200
210420201201
210420201202
210420201203
210420201204
210420201205
210420201206
210420201207
210420201208
210420201209
210420201210
210420201211
210420201212
210420201213
210420201214
210420201215
210420201216
210420201217
210420201218
210420201219
210420201220
210420201221
210420201222
210420201223
210420201224
210420201225
210420201226
210420201227
210420201228
210420201229
210420201230
210420201231
210420201232
210420201233
210420201234
210420201235
210420201236
210420201237
210420201238
210420201239
210420201240
210420201241
210420201242
210420201243
210420201244
210420201245
210420201246
210420201247
210420201248
210420201249
210420201250
210420201251
210420201252
210420201253
210420201254
210420201255
210420201256
210420201257
210420201258
210420201259
210420201300
210420201301
210420201302
210420201303
210420201304
210420201305
210420201306
210420201307
210420201308
210420201309
210420201310
210420201311
210420201312
210420201313
210420201314
210420201315
210420201316
210420201317
210420201318
210420201319
210420201320
210420201321
210420201322
210420201323
210420201324
210420201325
210420201326
210420201327
210420201328
210420201329
210420201330
210420201331
210420201332
210420201333
210420201334
210420201335
210420201336
210420201337
210420201338
210420201339
210420201340
210420201341
210420201342
210420201343
210420201344
210420201345
210420201346
210420201347
210420201348
210420201349
210420201350
210420201351
210420201352
210420201353
210420201354
210420201355
210420201356
210420201357
210420201358
210420201359
210420201400
210420201401
210420201402
210420201403
210420201404
210420201405
210420201406
210420201407
210420201408
210420201409
210420201410
210420201411
210420201412
210420201413
210420201414
210420201415
210420201416
210420201417
210420201418
210420201419
210420201420
210420201421
210420201422
210420201423
210420201424
210420201425
210420201426
210420201427
210420201428
210420201429
210420201430
210420201431
210420201432
210420201433
210420201434
210420201435
210420201436
210420201437
210420201438
210420201439
210420201440
210420201441
210420201442
210420201443
210420201444
210420201445
210420201446
210420201447
210420201448
210420201449
210420201450
210420201451
210420201452
210420201453
210420201454
210420201455
210420201456
210420201457
210420201458
210420201459
210420201500
210420201501
210420201502
210420201503
210420201504
210420201505
210420201506
210420201507
210420201508
210420201509
210420201510
210420201511
210420201512
210420201513
210420201514
210420201515
210420201516
210420201517
210420201518
210420201519
210420201520
210420201521
210420201522
210420201523
210420201524
210420201525
210420201526
210420201527
210420201528
210420201529
210420201530
210420201531
210420201532
210420201533
210420201534
210420201535
210420201536
210420201537
210420201538
210420201539
210420201540
210420201541
210420201542
210420201543
210420201544
210420201545
210420201546
210420201547
210420201548
210420201549
210420201550
210420201551
210420201552
210420201553
210420201554
210420201555
210420201556
210420201557
210420201558
210420201559
210420201600
210420201601
210420201602
210420201603
210420201604
210420201605
210420201606
210420201607
210420201608
210420201609
210420201610
210420201611
210420201612
210420201613
210420201614
210420201615
210420201616
210420201617
210420201618
210420201619
210420201620
210420201621
210420201622
210420201623
210420201624
210420201625
210420201626
210420201627
210420201628
210420201629
210420201630
210420201631
210420201632
210420201633
210420201634
210420201635
210420201636
210420201637
210420201638
210420201639
210420201640
210420201641
210420201642
210420201643
210420201644
210420201645
210420201646
210420201647
210420201648
210420201649
210420201650
210420201651
210420201652
210420201653
210420201654
210420201655
210420201656
210420201657
210420201658
210420201659
210420201700
210420201701
210420201702
210420201703
210420201704
210420201705
210420201706
210420201707
210420201708
210420201709
210420201710
210420201711
210420201712
210420201713
210420201714
210420201715
210420201716
210420201717
210420201718
210420201719
210420201720
210420201721
210420201722
210420201723
210420201724
210420201725
210420201726
210420201727
210420201728
210420201729
210420201730
210420201731
210420201732
210420201733
210420201734
210420201735
210420201736
210420201737
210420201738
210420201739
210420201740
210420201741
210420201742
210420201743
210420201744
210420201745
210420201746
210420201747
210420201748
210420201749
210420201750
210420201751
210420201752
210420201753
210420201754
210420201755
210420201756
210420201757
210420201758
210420201759
210420201800
210420201801
210420201802
210420201803
210420201804
210420201805
210420201806
210420201807
210420201808
210420201809
210420201810
210420201811
210420201812
210420201813
210420201814
210420201815
210420201816
210420201817
210420201818
210420201819
210420201820
210420201821
210420201822
210420201823
210420201824
210420201825
210420201826
210420201827
210420201828
210420201829
210420201830
210420201831
210420201832
210420201833
210420201834
210420201835
210420201836
210420201837
210420201838
210420201839
210420201840
210420201841
210420201842
210420201843
210420201844
210420201845
210420201846
210420201847
210420201848
210420201849
210420201850
210420201851
210420201852
210420201853
210420201854
210420201855
210420201856
210420201857
210420201858
210420201859
210420201900
210420201901
210420201902
210420201903
210420201904
210420201905
210420201906
210420201907
210420201908
210420201909
210420201910
210420201911
210420201912
210420201913
210420201914
210420201915
210420201916
210420201917
210420201918
210420201919
210420201920
210420201921
210420201922
210420201923
210420201924
210420201925
210420201926
210420201927
210420201928
210420201929
210420201930
210420201931
210420201932
210420201933
210420201934
210420201935
210420201936
210420201937
210420201938
210420201939
210420201940
210420201941
210420201942
210420201943
210420201944
210420201945
210420201946
210420201947
210420201948
210420201949
210420201950
210420201951
210420201952
210420201953
210420201954
210420201955
210420201956
210420201957
210420201958
210420201959
210420202000
210420202001
210420202002
210420202003
210420202004
210420202005
210420202006
210420202007
210420202008
210420202009
210420202010
210420202011
210420202012
210420202013
210420202014
210420202015
210420202016
210420202017
210420202018
210420202019
210420202020
210420202021
210420202022
210420202023
210420202024
210420202025
210420202026
210420202027
210420202028
210420202029
210420202030
210420202031
210420202032
210420202033
210420202034
210420202035
210420202036
210420202037
210420202038
210420202039
210420202040
210420202041
210420202042
210420202043
210420202044
210420202045
210420202046
210420202047
210420202048
210420202049
210420202050
210420202051
210420202052
210420202053
210420202054
210420202055
210420202056
210420202057
210420202058
210420202059
210420202100
210420202101
210420202102
210420202103
210420202104
210420202105
210420202106
210420202107
210420202108
210420202109
210420202110
210420202111
210420202112
210420202113
210420202114
210420202115
210420202116
210420202117
210420202118
210420202119
210420202120
210420202121
210420202122
210420202123
210420202124
210420202125
210420202126
210420202127
210420202128
210420202129
210420202130
210420202131
210420202132
210420202133
210420202134
210420202135
210420202136
210420202137
210420202138
210420202139
210420202140
210420202141
210420202142
210420202143
210420202144
210420202145
210420202146
210420202147
210420202148
210420202149
210420202150
210420202151
210420202152
210420202153
210420202154
210420202155
210420202156
210420202157
210420202158
210420202159
210420202200
210420202201
210420202202
210420202203
210420202204
210420202205
210420202206
210420202207
210420202208
210420202209
210420202210
210420202211
210420202212
210420202213
210420202214
210420202215
210420202216
210420202217
210420202218
210420202219
210420202220
210420202221
210420202222
210420202223
210420202224
210420202225
210420202226
210420202227
210420202228
210420202229
210420202230
210420202231
210420202232
210420202233
210420202234
210420202235
210420202236
210420202237
210420202238
210420202239
210420202240
210420202241
210420202242
210420202243
210420202244
210420202245
210420202246
210420202247
210420202248
210420202249
210420202250
210420202251
210420202252
210420202253
210420202254
210420202255
210420202256
210420202257
210420202258
210420202259
210420202300
210420202301
210420202302
210420202303
210420202304
210420202305
210420202306
210420202307
210420202308
210420202309
210420202310
210420202311
210420202312
210420202313
210420202314
210420202315
210420202316
210420202317
210420202318
210420202319
210420202320
210420202321
210420202322
210420202323
210420202324
210420202325
210420202326
210420202327
210420202328
210420202329
210420202330
210420202331
210420202332
210420202333
210420202334
210420202335
210420202336
210420202337
210420202338
210420202339
210420202340
210420202341
210420202342
210420202343
210420202344
210420202345
210420202346
210420202347
210420202348
210420202349
210420202350
210420202351
210420202352
210420202353
210420202354
210420202355
210420202356
210420202357
210420202358
210420202359
220420200000
220420200001
220420200002
220420200003
220420200004
220420200005
220420200006
220420200007
220420200008
220420200009
220420200010
220420200011
220420200012
220420200013
220420200014
220420200015
220420200016
220420200017
220420200018
220420200019
220420200020
220420200021
220420200022
220420200023
220420200024
220420200025
220420200026
220420200027
220420200028
220420200029
220420200030
220420200031
220420200032
220420200033
220420200034
220420200035
220420200036
220420200037
220420200038
220420200039
220420200040
220420200041
220420200042
220420200043
220420200044
220420200045
220420200046
220420200047
220420200048
220420200049
220420200050
220420200051
220420200052
220420200053
220420200054
220420200055
220420200056
220420200057
220420200058
220420200059
220420200100
220420200101
220420200102
220420200103
220420200104
220420200105
220420200106
220420200107
220420200108
220420200109
220420200110
220420200111
220420200112
220420200113
220420200114
220420200115
220420200116
220420200117
220420200118
220420200119
220420200120
220420200121
220420200122
220420200123
220420200124
220420200125
220420200126
220420200127
220420200128
220420200129
220420200130
220420200131
220420200132
220420200133
220420200134
220420200135
220420200136
220420200137
220420200138
220420200139
220420200140
220420200141
220420200142
220420200143
220420200144
220420200145
220420200146
220420200147
220420200148
220420200149
220420200150
220420200151
220420200152
220420200153
220420200154
220420200155
220420200156
220420200157
220420200158
220420200159
220420200200
220420200201
220420200202
220420200203
220420200204
220420200205
220420200206
220420200207
220420200208
220420200209
220420200210
220420200211
220420200212
220420200213
220420200214
220420200215
220420200216
220420200217
220420200218
220420200219
220420200220
220420200221
220420200222
220420200223
220420200224
220420200225
220420200226
220420200227
220420200228
220420200229
220420200230
220420200231
220420200232
220420200233
220420200234
220420200235
220420200236
220420200237
220420200238
220420200239
220420200240
220420200241
220420200242
220420200243
220420200244
220420200245
220420200246
220420200247
220420200248
220420200249
220420200250
220420200251
220420200252
220420200253
220420200254
220420200255
220420200256
220420200257
220420200258
220420200259
220420200300
220420200301
220420200302
220420200303
220420200304
220420200305
220420200306
220420200307
220420200308
220420200309
220420200310
220420200311
220420200312
220420200313
220420200314
220420200315
220420200316
220420200317
220420200318
220420200319
220420200320
220420200321
220420200322
220420200323
220420200324
220420200325
220420200326
220420200327
220420200328
220420200329
220420200330
220420200331
220420200332
220420200333
220420200334
220420200335
220420200336
220420200337
220420200338
220420200339
220420200340
220420200341
220420200342
220420200343
220420200344
220420200345
220420200346
220420200347
220420200348
220420200349
220420200350
220420200351
220420200352
220420200353
220420200354
220420200355
220420200356
220420200357
220420200358
220420200359
220420200400
220420200401
220420200402
220420200403
220420200404
220420200405
220420200406
220420200407
220420200408
220420200409
220420200410
220420200411
220420200412
220420200413
220420200414
220420200415
220420200416
220420200417
220420200418
220420200419
220420200420
220420200421
220420200422
220420200423
220420200424
220420200425
220420200426
220420200427
220420200428
220420200429
220420200430
220420200431
220420200432
220420200433
220420200434
220420200435
220420200436
220420200437
220420200438
220420200439
220420200440
220420200441
220420200442
220420200443
220420200444
220420200445
220420200446
220420200447
220420200448
220420200449
220420200450
220420200451
220420200452
220420200453
220420200454
220420200455
220420200456
220420200457
220420200458
220420200459
220420200500
220420200501
220420200502
220420200503
220420200504
220420200505
220420200506
220420200507
220420200508
220420200509
220420200510
220420200511
220420200512
220420200513
220420200514
220420200515
220420200516
220420200517
220420200518
220420200519
220420200520
220420200521
220420200522
220420200523
220420200524
220420200525
220420200526
220420200527
220420200528
220420200529
220420200530
220420200531
220420200532
220420200533
220420200534
220420200535
220420200536
220420200537
220420200538
220420200539
220420200540
220420200541
220420200542
220420200543
220420200544
220420200545
220420200546
220420200547
220420200548
220420200549
220420200550
220420200551
220420200552
220420200553
220420200554
220420200555
220420200556
220420200557
220420200558
220420200559
220420200600
220420200601
220420200602
220420200603
220420200604
220420200605
220420200606
220420200607
220420200608
220420200609
220420200610
220420200611
220420200612
220420200613
220420200614
220420200615
220420200616
220420200617
220420200618
220420200619
220420200620
220420200621
220420200622
220420200623
220420200624
220420200625
220420200626
220420200627
220420200628
220420200629
220420200630
220420200631
220420200632
220420200633
220420200634
220420200635
220420200636
220420200637
220420200638
220420200639
220420200640
220420200641
220420200642
220420200643
220420200644
220420200645
220420200646
220420200647
220420200648
220420200649
220420200650
220420200651
220420200652
220420200653
220420200654
220420200655
220420200656
220420200657
220420200658
220420200659
220420200700
220420200701
220420200702
220420200703
220420200704
220420200705
220420200706
220420200707
220420200708
220420200709
220420200710
220420200711
220420200712
220420200713
220420200714
220420200715
220420200716
220420200717
220420200718
220420200719
220420200720
220420200721
220420200722
220420200723
220420200724
220420200725
220420200726
220420200727
220420200728
220420200729
220420200730
220420200731
220420200732
220420200733
220420200734
220420200735
220420200736
220420200737
220420200738
220420200739
220420200740
220420200741
220420200742
220420200743
220420200744
220420200745
220420200746
220420200747
220420200748
220420200749
220420200750
220420200751
220420200752
220420200753
220420200754
220420200755
220420200756
220420200757
220420200758
220420200759
220420200800
220420200801
220420200802
220420200803
220420200804
220420200805
220420200806
220420200807
220420200808
220420200809
220420200810
220420200811
220420200812
220420200813
220420200814
220420200815
220420200816
220420200817
220420200818
220420200819
220420200820
220420200821
220420200822
220420200823
220420200824
220420200825
220420200826
220420200827
220420200828
220420200829
220420200830
220420200831
220420200832
220420200833
220420200834
220420200835
220420200836
220420200837
220420200838
220420200839
220420200840
220420200841
220420200842
220420200843
220420200844
220420200845
220420200846
220420200847
220420200848
220420200849
220420200850
220420200851
220420200852
220420200853
220420200854
220420200855
220420200856
220420200857
220420200858
220420200859
220420200900
220420200901
220420200902
220420200903
220420200904
220420200905
220420200906
220420200907
220420200908
220420200909
220420200910
220420200911
220420200912
220420200913
220420200914
220420200915
220420200916
220420200917
220420200918
220420200919
220420200920
220420200921
220420200922
220420200923
220420200924
220420200925
220420200926
220420200927
220420200928
220420200929
220420200930
220420200931
220420200932
220420200933
220420200934
220420200935
220420200936
220420200937
220420200938
220420200939
220420200940
220420200941
220420200942
220420200943
220420200944
220420200945
220420200946
220420200947
220420200948
220420200949
220420200950
220420200951
220420200952
220420200953
220420200954
220420200955
220420200956
220420200957
220420200958
220420200959
220420201000
220420201001
220420201002
220420201003
220420201004
220420201005
220420201006
220420201007
220420201008
220420201009
220420201010
220420201011
220420201012
220420201013
220420201014
220420201015
220420201016
220420201017
220420201018
220420201019
220420201020
220420201021
220420201022
220420201023
220420201024
220420201025
220420201026
220420201027
220420201028
220420201029
220420201030
220420201031
220420201032
220420201033
220420201034
220420201035
220420201036
220420201037
220420201038
220420201039
220420201040
220420201041
220420201042
220420201043
220420201044
220420201045
220420201046
220420201047
220420201048
220420201049
220420201050
220420201051
220420201052
220420201053
220420201054
220420201055
220420201056
220420201057
220420201058
220420201059
220420201100
220420201101
220420201102
220420201103
220420201104
220420201105
220420201106
220420201107
220420201108
220420201109
220420201110
220420201111
220420201112
220420201113
220420201114
220420201115
220420201116
220420201117
220420201118
220420201119
220420201120
220420201121
220420201122
220420201123
220420201124
220420201125
220420201126
220420201127
220420201128
220420201129
220420201130
220420201131
220420201132
220420201133
220420201134
220420201135
220420201136
220420201137
220420201138
220420201139
220420201140
220420201141
220420201142
220420201143
220420201144
220420201145
220420201146
220420201147
220420201148
220420201149
220420201150
220420201151
220420201152
220420201153
220420201154
220420201155
220420201156
220420201157
220420201158
220420201159
220420201200
220420201201
220420201202
220420201203
220420201204
220420201205
220420201206
220420201207
220420201208
220420201209
220420201210
220420201211
220420201212
220420201213
220420201214
220420201215
220420201216
220420201217
220420201218
220420201219
220420201220
220420201221
220420201222
220420201223
220420201224
220420201225
220420201226
220420201227
220420201228
220420201229
220420201230
220420201231
220420201232
220420201233
220420201234
220420201235
220420201236
220420201237
220420201238
220420201239
220420201240
220420201241
220420201242
220420201243
220420201244
220420201245
220420201246
220420201247
220420201248
220420201249
220420201250
220420201251
220420201252
220420201253
220420201254
220420201255
220420201256
220420201257
220420201258
220420201259
220420201300
220420201301
220420201302
220420201303
220420201304
220420201305
220420201306
220420201307
220420201308
220420201309
220420201310
220420201311
220420201312
220420201313
220420201314
220420201315
220420201316
220420201317
220420201318
220420201319
220420201320
220420201321
220420201322
220420201323
220420201324
220420201325
220420201326
220420201327
220420201328
220420201329
220420201330
220420201331
220420201332
220420201333
220420201334
220420201335
220420201336
220420201337
220420201338
220420201339
220420201340
220420201341
220420201342
220420201343
220420201344
220420201345
220420201346
220420201347
220420201348
220420201349
220420201350
220420201351
220420201352
220420201353
220420201354
220420201355
220420201356
220420201357
220420201358
220420201359
220420201400
220420201401
220420201402
220420201403
220420201404
220420201405
220420201406
220420201407
220420201408
220420201409
220420201410
220420201411
220420201412
220420201413
220420201414
220420201415
220420201416
220420201417
220420201418
220420201419
220420201420
220420201421
220420201422
220420201423
220420201424
220420201425
220420201426
220420201427
220420201428
220420201429
220420201430
220420201431
220420201432
220420201433
220420201434
220420201435
220420201436
220420201437
220420201438
220420201439
220420201440
220420201441
220420201442
220420201443
220420201444
220420201445
220420201446
220420201447
220420201448
220420201449
220420201450
220420201451
220420201452
220420201453
220420201454
220420201455
220420201456
220420201457
220420201458
220420201459
220420201500
220420201501
220420201502
220420201503
220420201504
220420201505
220420201506
220420201507
220420201508
220420201509
220420201510
220420201511
220420201512
220420201513
220420201514
220420201515
220420201516
220420201517
220420201518
220420201519
220420201520
220420201521
220420201522
220420201523
220420201524
220420201525
220420201526
220420201527
220420201528
220420201529
220420201530
220420201531
220420201532
220420201533
220420201534
220420201535
220420201536
220420201537
220420201538
220420201539
220420201540
220420201541
220420201542
220420201543
220420201544
220420201545
220420201546
220420201547
220420201548
220420201549
220420201550
220420201551
220420201552
220420201553
220420201554
220420201555
220420201556
220420201557
220420201558
220420201559
220420201600
220420201601
220420201602
220420201603
220420201604
220420201605
220420201606
220420201607
220420201608
220420201609
220420201610
220420201611
220420201612
220420201613
220420201614
220420201615
220420201616
220420201617
220420201618
220420201619
220420201620
220420201621
220420201622
220420201623
220420201624
220420201625
220420201626
220420201627
220420201628
220420201629
220420201630
220420201631
220420201632
220420201633
220420201634
220420201635
220420201636
220420201637
220420201638
220420201639
220420201640
220420201641
220420201642
220420201643
220420201644
220420201645
220420201646
220420201647
220420201648
220420201649
220420201650
220420201651
220420201652
220420201653
220420201654
220420201655
220420201656
220420201657
220420201658
220420201659
220420201700
220420201701
220420201702
220420201703
220420201704
220420201705
220420201706
220420201707
220420201708
220420201709
220420201710
220420201711
220420201712
220420201713
220420201714
220420201715
220420201716
220420201717
220420201718
220420201719
220420201720
220420201721
220420201722
220420201723
220420201724
220420201725
220420201726
220420201727
220420201728
220420201729
220420201730
220420201731
220420201732
220420201733
220420201734
220420201735
220420201736
220420201737
220420201738
220420201739
220420201740
220420201741
220420201742
220420201743
220420201744
220420201745
220420201746
220420201747
220420201748
220420201749
220420201750
220420201751
220420201752
220420201753
220420201754
220420201755
220420201756
220420201757
220420201758
220420201759
220420201800
220420201801
220420201802
220420201803
220420201804
220420201805
220420201806
220420201807
220420201808
220420201809
220420201810
220420201811
220420201812
220420201813
220420201814
220420201815
220420201816
220420201817
220420201818
220420201819
220420201820
220420201821
220420201822
220420201823
220420201824
220420201825
220420201826
220420201827
220420201828
220420201829
220420201830
220420201831
220420201832
220420201833
220420201834
220420201835
220420201836
220420201837
220420201838
220420201839
220420201840
220420201841
220420201842
220420201843
220420201844
220420201845
220420201846
220420201847
220420201848
220420201849
220420201850
220420201851
220420201852
220420201853
220420201854
220420201855
220420201856
220420201857
220420201858
220420201859
220420201900
220420201901
220420201902
220420201903
220420201904
220420201905
220420201906
220420201907
220420201908
220420201909
220420201910
220420201911
220420201912
220420201913
220420201914
220420201915
220420201916
220420201917
220420201918
220420201919
220420201920
220420201921
220420201922
220420201923
220420201924
220420201925
220420201926
220420201927
220420201928
220420201929
220420201930
220420201931
220420201932
220420201933
220420201934
220420201935
220420201936
220420201937
220420201938
220420201939
220420201940
220420201941
220420201942
220420201943
220420201944
220420201945
220420201946
220420201947
220420201948
220420201949
220420201950
220420201951
220420201952
220420201953
220420201954
220420201955
220420201956
220420201957
220420201958
220420201959
220420202000
220420202001
220420202002
220420202003
220420202004
220420202005
220420202006
220420202007
220420202008
220420202009
220420202010
220420202011
220420202012
220420202013
220420202014
220420202015
220420202016
220420202017
220420202018
220420202019
220420202020
220420202021
220420202022
220420202023
220420202024
220420202025
220420202026
220420202027
220420202028
220420202029
220420202030
220420202031
220420202032
220420202033
220420202034
220420202035
220420202036
220420202037
220420202038
220420202039
220420202040
220420202041
220420202042
220420202043
220420202044
220420202045
220420202046
220420202047
220420202048
220420202049
220420202050
220420202051
220420202052
220420202053
220420202054
220420202055
220420202056
220420202057
220420202058
220420202059
220420202100
220420202101
220420202102
220420202103
220420202104
220420202105
220420202106
220420202107
220420202108
220420202109
220420202110
220420202111
220420202112
220420202113
220420202114
220420202115
220420202116
220420202117
220420202118
220420202119
220420202120
220420202121
220420202122
220420202123
220420202124
220420202125
220420202126
220420202127
220420202128
220420202129
220420202130
220420202131
220420202132
220420202133
220420202134
220420202135
220420202136
220420202137
220420202138
220420202139
220420202140
220420202141
220420202142
220420202143
220420202144
220420202145
220420202146
220420202147
220420202148
220420202149
220420202150
220420202151
220420202152
220420202153
220420202154
220420202155
220420202156
220420202157
220420202158
220420202159
220420202200
220420202201
220420202202
220420202203
220420202204
220420202205
220420202206
220420202207
220420202208
220420202209
220420202210
220420202211
220420202212
220420202213
220420202214
220420202215
220420202216
220420202217
220420202218
220420202219
220420202220
220420202221
220420202222
220420202223
220420202224
220420202225
220420202226
220420202227
220420202228
220420202229
220420202230
220420202231
220420202232
220420202233
220420202234
220420202235
220420202236
220420202237
220420202238
220420202239
220420202240
220420202241
220420202242
220420202243
220420202244
220420202245
220420202246
220420202247
220420202248
220420202249
220420202250
220420202251
220420202252
220420202253
220420202254
220420202255
220420202256
220420202257
220420202258
220420202259
220420202300
220420202301
220420202302
220420202303
220420202304
220420202305
220420202306
220420202307
220420202308
220420202309
220420202310
220420202311
220420202312
220420202313
220420202314
220420202315
220420202316
220420202317
220420202318
220420202319
220420202320
220420202321
220420202322
220420202323
220420202324
220420202325
220420202326
220420202327
220420202328
220420202329
220420202330
220420202331
220420202332
220420202333
220420202334
220420202335
220420202336
220420202337
220420202338
220420202339
220420202340
220420202341
220420202342
220420202343
220420202344
220420202345
220420202346
220420202347
220420202348
220420202349
220420202350
220420202351
220420202352
220420202353
220420202354
220420202355
220420202356
220420202357
220420202358
220420202359
230420200000
230420200001
230420200002
230420200003
230420200004
230420200005
230420200006
230420200007
230420200008
230420200009
230420200010
230420200011
230420200012
230420200013
230420200014
230420200015
230420200016
230420200017
230420200018
230420200019
230420200020
230420200021
230420200022
230420200023
230420200024
230420200025
230420200026
230420200027
230420200028
230420200029
230420200030
230420200031
230420200032
230420200033
230420200034
230420200035
230420200036
230420200037
230420200038
230420200039
230420200040
230420200041
230420200042
230420200043
230420200044
230420200045
230420200046
230420200047
230420200048
230420200049
230420200050
230420200051
230420200052
230420200053
230420200054
230420200055
230420200056
230420200057
230420200058
230420200059
230420200100
230420200101
230420200102
230420200103
230420200104
230420200105
230420200106
230420200107
230420200108
230420200109
230420200110
230420200111
230420200112
230420200113
230420200114
230420200115
230420200116
230420200117
230420200118
230420200119
230420200120
230420200121
230420200122
230420200123
230420200124
230420200125
230420200126
230420200127
230420200128
230420200129
230420200130
230420200131
230420200132
230420200133
230420200134
230420200135
230420200136
230420200137
230420200138
230420200139
230420200140
230420200141
230420200142
230420200143
230420200144
230420200145
230420200146
230420200147
230420200148
230420200149
230420200150
230420200151
230420200152
230420200153
230420200154
230420200155
230420200156
230420200157
230420200158
230420200159
230420200200
230420200201
230420200202
230420200203
230420200204
230420200205
230420200206
230420200207
230420200208
230420200209
230420200210
230420200211
230420200212
230420200213
230420200214
230420200215
230420200216
230420200217
230420200218
230420200219
230420200220
230420200221
230420200222
230420200223
230420200224
230420200225
230420200226
230420200227
230420200228
230420200229
230420200230
230420200231
230420200232
230420200233
230420200234
230420200235
230420200236
230420200237
230420200238
230420200239
230420200240
230420200241
230420200242
230420200243
230420200244
230420200245
230420200246
230420200247
230420200248
230420200249
230420200250
230420200251
230420200252
230420200253
230420200254
230420200255
230420200256
230420200257
230420200258
230420200259
230420200300
230420200301
230420200302
230420200303
230420200304
230420200305
230420200306
230420200307
230420200308
230420200309
230420200310
230420200311
230420200312
230420200313
230420200314
230420200315
230420200316
230420200317
230420200318
230420200319
230420200320
230420200321
230420200322
230420200323
230420200324
230420200325
230420200326
230420200327
230420200328
230420200329
230420200330
230420200331
230420200332
230420200333
230420200334
230420200335
230420200336
230420200337
230420200338
230420200339
230420200340
230420200341
230420200342
230420200343
230420200344
230420200345
230420200346
230420200347
230420200348
230420200349
230420200350
230420200351
230420200352
230420200353
230420200354
230420200355
230420200356
230420200357
230420200358
230420200359
230420200400
230420200401
230420200402
230420200403
230420200404
230420200405
230420200406
230420200407
230420200408
230420200409
230420200410
230420200411
230420200412
230420200413
230420200414
230420200415
230420200416
230420200417
230420200418
230420200419
230420200420
230420200421
230420200422
230420200423
230420200424
230420200425
230420200426
230420200427
230420200428
230420200429
230420200430
230420200431
230420200432
230420200433
230420200434
230420200435
230420200436
230420200437
230420200438
230420200439
230420200440
230420200441
230420200442
230420200443
230420200444
230420200445
230420200446
230420200447
230420200448
230420200449
230420200450
230420200451
230420200452
230420200453
230420200454
230420200455
230420200456
230420200457
230420200458
230420200459
230420200500
230420200501
230420200502
230420200503
230420200504
230420200505
230420200506
230420200507
230420200508
230420200509
230420200510
230420200511
230420200512
230420200513
230420200514
230420200515
230420200516
230420200517
230420200518
230420200519
230420200520
230420200521
230420200522
230420200523
230420200524
230420200525
230420200526
230420200527
230420200528
230420200529
230420200530
230420200531
230420200532
230420200533
230420200534
230420200535
230420200536
230420200537
230420200538
230420200539
230420200540
230420200541
230420200542
230420200543
230420200544
230420200545
230420200546
230420200547
230420200548
230420200549
230420200550
230420200551
230420200552
230420200553
230420200554
230420200555
230420200556
230420200557
230420200558
230420200559
230420200600
230420200601
230420200602
230420200603
230420200604
230420200605
230420200606
230420200607
230420200608
230420200609
230420200610
230420200611
230420200612
230420200613
230420200614
230420200615
230420200616
230420200617
230420200618
230420200619
230420200620
230420200621
230420200622
230420200623
230420200624
230420200625
230420200626
230420200627
230420200628
230420200629
230420200630
230420200631
230420200632
230420200633
230420200634
230420200635
230420200636
230420200637
230420200638
230420200639
230420200640
230420200641
230420200642
230420200643
230420200644
230420200645
230420200646
230420200647
230420200648
230420200649
230420200650
230420200651
230420200652
230420200653
230420200654
230420200655
230420200656
230420200657
230420200658
230420200659
230420200700
230420200701
230420200702
230420200703
230420200704
230420200705
230420200706
230420200707
230420200708
230420200709
230420200710
230420200711
230420200712
230420200713
230420200714
230420200715
230420200716
230420200717
230420200718
230420200719
230420200720
230420200721
230420200722
230420200723
230420200724
230420200725
230420200726
230420200727
230420200728
230420200729
230420200730
230420200731
230420200732
230420200733
230420200734
230420200735
230420200736
230420200737
230420200738
230420200739
230420200740
230420200741
230420200742
230420200743
230420200744
230420200745
230420200746
230420200747
230420200748
230420200749
230420200750
230420200751
230420200752
230420200753
230420200754
230420200755
230420200756
230420200757
230420200758
230420200759
230420200800
230420200801
230420200802
230420200803
230420200804
230420200805
230420200806
230420200807
230420200808
230420200809
230420200810
230420200811
230420200812
230420200813
230420200814
230420200815
230420200816
230420200817
230420200818
230420200819
230420200820
230420200821
230420200822
230420200823
230420200824
230420200825
230420200826
230420200827
230420200828
230420200829
230420200830
230420200831
230420200832
230420200833
230420200834
230420200835
230420200836
230420200837
230420200838
230420200839
230420200840
230420200841
230420200842
230420200843
230420200844
230420200845
230420200846
230420200847
230420200848
230420200849
230420200850
230420200851
230420200852
230420200853
230420200854
230420200855
230420200856
230420200857
230420200858
230420200859
230420200900
230420200901
230420200902
230420200903
230420200904
230420200905
230420200906
230420200907
230420200908
230420200909
230420200910
230420200911
230420200912
230420200913
230420200914
230420200915
230420200916
230420200917
230420200918
230420200919
230420200920
230420200921
230420200922
230420200923
230420200924
230420200925
230420200926
230420200927
230420200928
230420200929
230420200930
230420200931
230420200932
230420200933
230420200934
230420200935
230420200936
230420200937
230420200938
230420200939
230420200940
230420200941
230420200942
230420200943
230420200944
230420200945
230420200946
230420200947
230420200948
230420200949
230420200950
230420200951
230420200952
230420200953
230420200954
230420200955
230420200956
230420200957
230420200958
230420200959
230420201000
230420201001
230420201002
230420201003
230420201004
230420201005
230420201006
230420201007
230420201008
230420201009
230420201010
230420201011
230420201012
230420201013
230420201014
230420201015
230420201016
230420201017
230420201018
230420201019
230420201020
230420201021
230420201022
230420201023
230420201024
230420201025
230420201026
230420201027
230420201028
230420201029
230420201030
230420201031
230420201032
230420201033
230420201034
230420201035
230420201036
230420201037
230420201038
230420201039
230420201040
230420201041
230420201042
230420201043
230420201044
230420201045
230420201046
230420201047
230420201048
230420201049
230420201050
230420201051
230420201052
230420201053
230420201054
230420201055
230420201056
230420201057
230420201058
230420201059
230420201100
230420201101
230420201102
230420201103
230420201104
230420201105
230420201106
230420201107
230420201108
230420201109
230420201110
230420201111
230420201112
230420201113
230420201114
230420201115
230420201116
230420201117
230420201118
230420201119
230420201120
230420201121
230420201122
230420201123
230420201124
230420201125
230420201126
230420201127
230420201128
230420201129
230420201130
230420201131
230420201132
230420201133
230420201134
230420201135
230420201136
230420201137
230420201138
230420201139
230420201140
230420201141
230420201142
230420201143
230420201144
230420201145
230420201146
230420201147
230420201148
230420201149
230420201150
230420201151
230420201152
230420201153
230420201154
230420201155
230420201156
230420201157
230420201158
230420201159
230420201200
230420201201
230420201202
230420201203
230420201204
230420201205
230420201206
230420201207
230420201208
230420201209
230420201210
230420201211
230420201212
230420201213
230420201214
230420201215
230420201216
230420201217
230420201218
230420201219
230420201220
230420201221
230420201222
230420201223
230420201224
230420201225
230420201226
230420201227
230420201228
230420201229
230420201230
230420201231
230420201232
230420201233
230420201234
230420201235
230420201236
230420201237
230420201238
230420201239
230420201240
230420201241
230420201242
230420201243
230420201244
230420201245
230420201246
230420201247
230420201248
230420201249
230420201250
230420201251
230420201252
230420201253
230420201254
230420201255
230420201256
230420201257
230420201258
230420201259
230420201300
230420201301
230420201302
230420201303
230420201304
230420201305
230420201306
230420201307
230420201308
230420201309
230420201310
230420201311
230420201312
230420201313
230420201314
230420201315
230420201316
230420201317
230420201318
230420201319
230420201320
230420201321
230420201322
230420201323
230420201324
230420201325
230420201326
230420201327
230420201328
230420201329
230420201330
230420201331
230420201332
230420201333
230420201334
230420201335
230420201336
230420201337
230420201338
230420201339
230420201340
230420201341
230420201342
230420201343
230420201344
230420201345
230420201346
230420201347
230420201348
230420201349
230420201350
230420201351
230420201352
230420201353
230420201354
230420201355
230420201356
230420201357
230420201358
230420201359
230420201400
230420201401
230420201402
230420201403
230420201404
230420201405
230420201406
230420201407
230420201408
230420201409
230420201410
230420201411
230420201412
230420201413
230420201414
230420201415
230420201416
230420201417
230420201418
230420201419
230420201420
230420201421
230420201422
230420201423
230420201424
230420201425
230420201426
230420201427
230420201428
230420201429
230420201430
230420201431
230420201432
230420201433
230420201434
230420201435
230420201436
230420201437
230420201438
230420201439
230420201440
230420201441
230420201442
230420201443
230420201444
230420201445
230420201446
230420201447
230420201448
230420201449
230420201450
230420201451
230420201452
230420201453
230420201454
230420201455
230420201456
230420201457
230420201458
230420201459
230420201500
230420201501
230420201502
230420201503
230420201504
230420201505
230420201506
230420201507
230420201508
230420201509
230420201510
230420201511
230420201512
230420201513
230420201514
230420201515
230420201516
230420201517
230420201518
230420201519
230420201520
230420201521
230420201522
230420201523
230420201524
230420201525
230420201526
230420201527
230420201528
230420201529
230420201530
230420201531
230420201532
230420201533
230420201534
230420201535
230420201536
230420201537
230420201538
230420201539
230420201540
230420201541
230420201542
230420201543
230420201544
230420201545
230420201546
230420201547
230420201548
230420201549
230420201550
230420201551
230420201552
230420201553
230420201554
230420201555
230420201556
230420201557
230420201558
230420201559
230420201600
230420201601
230420201602
230420201603
230420201604
230420201605
230420201606
230420201607
230420201608
230420201609
230420201610
230420201611
230420201612
230420201613
230420201614
230420201615
230420201616
230420201617
230420201618
230420201619
230420201620
230420201621
230420201622
230420201623
230420201624
230420201625
230420201626
230420201627
230420201628
230420201629
230420201630
230420201631
230420201632
230420201633
230420201634
230420201635
230420201636
230420201637
230420201638
230420201639
230420201640
230420201641
230420201642
230420201643
230420201644
230420201645
230420201646
230420201647
230420201648
230420201649
230420201650
230420201651
230420201652
230420201653
230420201654
230420201655
230420201656
230420201657
230420201658
230420201659
230420201700
230420201701
230420201702
230420201703
230420201704
230420201705
230420201706
230420201707
230420201708
230420201709
230420201710
230420201711
230420201712
230420201713
230420201714
230420201715
230420201716
230420201717
230420201718
230420201719
230420201720
230420201721
230420201722
230420201723
230420201724
230420201725
230420201726
230420201727
230420201728
230420201729
230420201730
230420201731
230420201732
230420201733
230420201734
230420201735
230420201736
230420201737
230420201738
230420201739
230420201740
230420201741
230420201742
230420201743
230420201744
230420201745
230420201746
230420201747
230420201748
230420201749
230420201750
230420201751
230420201752
230420201753
230420201754
230420201755
230420201756
230420201757
230420201758
230420201759
230420201800
230420201801
230420201802
230420201803
230420201804
230420201805
230420201806
230420201807
230420201808
230420201809
230420201810
230420201811
230420201812
230420201813
230420201814
230420201815
230420201816
230420201817
230420201818
230420201819
230420201820
230420201821
230420201822
230420201823
230420201824
230420201825
230420201826
230420201827
230420201828
230420201829
230420201830
230420201831
230420201832
230420201833
230420201834
230420201835
230420201836
230420201837
230420201838
230420201839
230420201840
230420201841
230420201842
230420201843
230420201844
230420201845
230420201846
230420201847
230420201848
230420201849
230420201850
230420201851
230420201852
230420201853
230420201854
230420201855
230420201856
230420201857
230420201858
230420201859
230420201900
230420201901
230420201902
230420201903
230420201904
230420201905
230420201906
230420201907
230420201908
230420201909
230420201910
230420201911
230420201912
230420201913
230420201914
230420201915
230420201916
230420201917
230420201918
230420201919
230420201920
230420201921
230420201922
230420201923
230420201924
230420201925
230420201926
230420201927
230420201928
230420201929
230420201930
230420201931
230420201932
230420201933
230420201934
230420201935
230420201936
230420201937
230420201938
230420201939
230420201940
230420201941
230420201942
230420201943
230420201944
230420201945
230420201946
230420201947
230420201948
230420201949
230420201950
230420201951
230420201952
230420201953
230420201954
230420201955
230420201956
230420201957
230420201958
230420201959
230420202000
230420202001
230420202002
230420202003
230420202004
230420202005
230420202006
230420202007
230420202008
230420202009
230420202010
230420202011
230420202012
230420202013
230420202014
230420202015
230420202016
230420202017
230420202018
230420202019
230420202020
230420202021
230420202022
230420202023
230420202024
230420202025
230420202026
230420202027
230420202028
230420202029
230420202030
230420202031
230420202032
230420202033
230420202034
230420202035
230420202036
230420202037
230420202038
230420202039
230420202040
230420202041
230420202042
230420202043
230420202044
230420202045
230420202046
230420202047
230420202048
230420202049
230420202050
230420202051
230420202052
230420202053
230420202054
230420202055
230420202056
230420202057
230420202058
230420202059
230420202100
230420202101
230420202102
230420202103
230420202104
230420202105
230420202106
230420202107
230420202108
230420202109
230420202110
230420202111
230420202112
230420202113
230420202114
230420202115
230420202116
230420202117
230420202118
230420202119
230420202120
230420202121
230420202122
230420202123
230420202124
230420202125
230420202126
230420202127
230420202128
230420202129
230420202130
230420202131
230420202132
230420202133
230420202134
230420202135
230420202136
230420202137
230420202138
230420202139
230420202140
230420202141
230420202142
230420202143
230420202144
230420202145
230420202146
230420202147
230420202148
230420202149
230420202150
230420202151
230420202152
230420202153
230420202154
230420202155
230420202156
230420202157
230420202158
230420202159
230420202200
230420202201
230420202202
230420202203
230420202204
230420202205
230420202206
230420202207
230420202208
230420202209
230420202210
230420202211
230420202212
230420202213
230420202214
230420202215
230420202216
230420202217
230420202218
230420202219
230420202220
230420202221
230420202222
230420202223
230420202224
230420202225
230420202226
230420202227
230420202228
230420202229
230420202230
230420202231
230420202232
230420202233
230420202234
230420202235
230420202236
230420202237
230420202238
230420202239
230420202240
230420202241
230420202242
230420202243
230420202244
230420202245
230420202246
230420202247
230420202248
230420202249
230420202250
230420202251
230420202252
230420202253
230420202254
230420202255
230420202256
230420202257
230420202258
230420202259
230420202300
230420202301
230420202302
230420202303
230420202304
230420202305
230420202306
230420202307
230420202308
230420202309
230420202310
230420202311
230420202312
230420202313
230420202314
230420202315
230420202316
230420202317
230420202318
230420202319
230420202320
230420202321
230420202322
230420202323
230420202324
230420202325
230420202326
230420202327
230420202328
230420202329
230420202330
230420202331
230420202332
230420202333
230420202334
230420202335
230420202336
230420202337
230420202338
230420202339
230420202340
230420202341
230420202342
230420202343
230420202344
230420202345
230420202346
230420202347
230420202348
230420202349
230420202350
230420202351
230420202352
230420202353
230420202354
230420202355
230420202356
230420202357
230420202358
230420202359
240420200000
240420200001
240420200002
240420200003
240420200004
240420200005
240420200006
240420200007
240420200008
240420200009
240420200010
240420200011
240420200012
240420200013
240420200014
240420200015
240420200016
240420200017
240420200018
240420200019
240420200020
240420200021
240420200022
240420200023
240420200024
240420200025
240420200026
240420200027
240420200028
240420200029
240420200030
240420200031
240420200032
240420200033
240420200034
240420200035
240420200036
240420200037
240420200038
240420200039
240420200040
240420200041
240420200042
240420200043
240420200044
240420200045
240420200046
240420200047
240420200048
240420200049
240420200050
240420200051
240420200052
240420200053
240420200054
240420200055
240420200056
240420200057
240420200058
240420200059
240420200100
240420200101
240420200102
240420200103
240420200104
240420200105
240420200106
240420200107
240420200108
240420200109
240420200110
240420200111
240420200112
240420200113
240420200114
240420200115
240420200116
240420200117
240420200118
240420200119
240420200120
240420200121
240420200122
240420200123
240420200124
240420200125
240420200126
240420200127
240420200128
240420200129
240420200130
240420200131
240420200132
240420200133
240420200134
240420200135
240420200136
240420200137
240420200138
240420200139
240420200140
240420200141
240420200142
240420200143
240420200144
240420200145
240420200146
240420200147
240420200148
240420200149
240420200150
240420200151
240420200152
240420200153
240420200154
240420200155
240420200156
240420200157
240420200158
240420200159
240420200200
240420200201
240420200202
240420200203
240420200204
240420200205
240420200206
240420200207
240420200208
240420200209
240420200210
240420200211
240420200212
240420200213
240420200214
240420200215
240420200216
240420200217
240420200218
240420200219
240420200220
240420200221
240420200222
240420200223
240420200224
240420200225
240420200226
240420200227
240420200228
240420200229
240420200230
240420200231
240420200232
240420200233
240420200234
240420200235
240420200236
240420200237
240420200238
240420200239
240420200240
240420200241
240420200242
240420200243
240420200244
240420200245
240420200246
240420200247
240420200248
240420200249
240420200250
240420200251
240420200252
240420200253
240420200254
240420200255
240420200256
240420200257
240420200258
240420200259
240420200300
240420200301
240420200302
240420200303
240420200304
240420200305
240420200306
240420200307
240420200308
240420200309
240420200310
240420200311
240420200312
240420200313
240420200314
240420200315
240420200316
240420200317
240420200318
240420200319
240420200320
240420200321
240420200322
240420200323
240420200324
240420200325
240420200326
240420200327
240420200328
240420200329
240420200330
240420200331
240420200332
240420200333
240420200334
240420200335
240420200336
240420200337
240420200338
240420200339
240420200340
240420200341
240420200342
240420200343
240420200344
240420200345
240420200346
240420200347
240420200348
240420200349
240420200350
240420200351
240420200352
240420200353
240420200354
240420200355
240420200356
240420200357
240420200358
240420200359
240420200400
240420200401
240420200402
240420200403
240420200404
240420200405
240420200406
240420200407
240420200408
240420200409
240420200410
240420200411
240420200412
240420200413
240420200414
240420200415
240420200416
240420200417
240420200418
240420200419
240420200420
240420200421
240420200422
240420200423
240420200424
240420200425
240420200426
240420200427
240420200428
240420200429
240420200430
240420200431
240420200432
240420200433
240420200434
240420200435
240420200436
240420200437
240420200438
240420200439
240420200440
240420200441
240420200442
240420200443
240420200444
240420200445
240420200446
240420200447
240420200448
240420200449
240420200450
240420200451
240420200452
240420200453
240420200454
240420200455
240420200456
240420200457
240420200458
240420200459
240420200500
240420200501
240420200502
240420200503
240420200504
240420200505
240420200506
240420200507
240420200508
240420200509
240420200510
240420200511
240420200512
240420200513
240420200514
240420200515
240420200516
240420200517
240420200518
240420200519
240420200520
240420200521
240420200522
240420200523
240420200524
240420200525
240420200526
240420200527
240420200528
240420200529
240420200530
240420200531
240420200532
240420200533
240420200534
240420200535
240420200536
240420200537
240420200538
240420200539
240420200540
240420200541
240420200542
240420200543
240420200544
240420200545
240420200546
240420200547
240420200548
240420200549
240420200550
240420200551
240420200552
240420200553
240420200554
240420200555
240420200556
240420200557
240420200558
240420200559
240420200600
240420200601
240420200602
240420200603
240420200604
240420200605
240420200606
240420200607
240420200608
240420200609
240420200610
240420200611
240420200612
240420200613
240420200614
240420200615
240420200616
240420200617
240420200618
240420200619
240420200620
240420200621
240420200622
240420200623
240420200624
240420200625
240420200626
240420200627
240420200628
240420200629
240420200630
240420200631
240420200632
240420200633
240420200634
240420200635
240420200636
240420200637
240420200638
240420200639
240420200640
240420200641
240420200642
240420200643
240420200644
240420200645
240420200646
240420200647
240420200648
240420200649
240420200650
240420200651
240420200652
240420200653
240420200654
240420200655
240420200656
240420200657
240420200658
240420200659
240420200700
240420200701
240420200702
240420200703
240420200704
240420200705
240420200706
240420200707
240420200708
240420200709
240420200710
240420200711
240420200712
240420200713
240420200714
240420200715
240420200716
240420200717
240420200718
240420200719
240420200720
240420200721
240420200722
240420200723
240420200724
240420200725
240420200726
240420200727
240420200728
240420200729
240420200730
240420200731
240420200732
240420200733
240420200734
240420200735
240420200736
240420200737
240420200738
240420200739
240420200740
240420200741
240420200742
240420200743
240420200744
240420200745
240420200746
240420200747
240420200748
240420200749
240420200750
240420200751
240420200752
240420200753
240420200754
240420200755
240420200756
240420200757
240420200758
240420200759
240420200800
240420200801
240420200802
240420200803
240420200804
240420200805
240420200806
240420200807
240420200808
240420200809
240420200810
240420200811
240420200812
240420200813
240420200814
240420200815
240420200816
240420200817
240420200818
240420200819
240420200820
240420200821
240420200822
240420200823
240420200824
240420200825
240420200826
240420200827
240420200828
240420200829
240420200830
240420200831
240420200832
240420200833
240420200834
240420200835
240420200836
240420200837
240420200838
240420200839
240420200840
240420200841
240420200842
240420200843
240420200844
240420200845
240420200846
240420200847
240420200848
240420200849
240420200850
240420200851
240420200852
240420200853
240420200854
240420200855
240420200856
240420200857
240420200858
240420200859
240420200900
240420200901
240420200902
240420200903
240420200904
240420200905
240420200906
240420200907
240420200908
240420200909
240420200910
240420200911
240420200912
240420200913
240420200914
240420200915
240420200916
240420200917
240420200918
240420200919
240420200920
240420200921
240420200922
240420200923
240420200924
240420200925
240420200926
240420200927
240420200928
240420200929
240420200930
240420200931
240420200932
240420200933
240420200934
240420200935
240420200936
240420200937
240420200938
240420200939
240420200940
240420200941
240420200942
240420200943
240420200944
240420200945
240420200946
240420200947
240420200948
240420200949
240420200950
240420200951
240420200952
240420200953
240420200954
240420200955
240420200956
240420200957
240420200958
240420200959
240420201000
240420201001
240420201002
240420201003
240420201004
240420201005
240420201006
240420201007
240420201008
240420201009
240420201010
240420201011
240420201012
240420201013
240420201014
240420201015
240420201016
240420201017
240420201018
240420201019
240420201020
240420201021
240420201022
240420201023
240420201024
240420201025
240420201026
240420201027
240420201028
240420201029
240420201030
240420201031
240420201032
240420201033
240420201034
240420201035
240420201036
240420201037
240420201038
240420201039
240420201040
240420201041
240420201042
240420201043
240420201044
240420201045
240420201046
240420201047
240420201048
240420201049
240420201050
240420201051
240420201052
240420201053
240420201054
240420201055
240420201056
240420201057
240420201058
240420201059
240420201100
240420201101
240420201102
240420201103
240420201104
240420201105
240420201106
240420201107
240420201108
240420201109
240420201110
240420201111
240420201112
240420201113
240420201114
240420201115
240420201116
240420201117
240420201118
240420201119
240420201120
240420201121
240420201122
240420201123
240420201124
240420201125
240420201126
240420201127
240420201128
240420201129
240420201130
240420201131
240420201132
240420201133
240420201134
240420201135
240420201136
240420201137
240420201138
240420201139
240420201140
240420201141
240420201142
240420201143
240420201144
240420201145
240420201146
240420201147
240420201148
240420201149
240420201150
240420201151
240420201152
240420201153
240420201154
240420201155
240420201156
240420201157
240420201158
240420201159
240420201200
240420201201
240420201202
240420201203
240420201204
240420201205
240420201206
240420201207
240420201208
240420201209
240420201210
240420201211
240420201212
240420201213
240420201214
240420201215
240420201216
240420201217
240420201218
240420201219
240420201220
240420201221
240420201222
240420201223
240420201224
240420201225
240420201226
240420201227
240420201228
240420201229
240420201230
240420201231
240420201232
240420201233
240420201234
240420201235
240420201236
240420201237
240420201238
240420201239
240420201240
240420201241
240420201242
240420201243
240420201244
240420201245
240420201246
240420201247
240420201248
240420201249
240420201250
240420201251
240420201252
240420201253
240420201254
240420201255
240420201256
240420201257
240420201258
240420201259
240420201300
240420201301
240420201302
240420201303
240420201304
240420201305
240420201306
240420201307
240420201308
240420201309
240420201310
240420201311
240420201312
240420201313
240420201314
240420201315
240420201316
240420201317
240420201318
240420201319
240420201320
240420201321
240420201322
240420201323
240420201324
240420201325
240420201326
240420201327
240420201328
240420201329
240420201330
240420201331
240420201332
240420201333
240420201334
240420201335
240420201336
240420201337
240420201338
240420201339
240420201340
240420201341
240420201342
240420201343
240420201344
240420201345
240420201346
240420201347
240420201348
240420201349
240420201350
240420201351
240420201352
240420201353
240420201354
240420201355
240420201356
240420201357
240420201358
240420201359
240420201400
240420201401
240420201402
240420201403
240420201404
240420201405
240420201406
240420201407
240420201408
240420201409
240420201410
240420201411
240420201412
240420201413
240420201414
240420201415
240420201416
240420201417
240420201418
240420201419
240420201420
240420201421
240420201422
240420201423
240420201424
240420201425
240420201426
240420201427
240420201428
240420201429
240420201430
240420201431
240420201432
240420201433
240420201434
240420201435
240420201436
240420201437
240420201438
240420201439
240420201440
240420201441
240420201442
240420201443
240420201444
240420201445
240420201446
240420201447
240420201448
240420201449
240420201450
240420201451
240420201452
240420201453
240420201454
240420201455
240420201456
240420201457
240420201458
240420201459
240420201500
240420201501
240420201502
240420201503
240420201504
240420201505
240420201506
240420201507
240420201508
240420201509
240420201510
240420201511
240420201512
240420201513
240420201514
240420201515
240420201516
240420201517
240420201518
240420201519
240420201520
240420201521
240420201522
240420201523
240420201524
240420201525
240420201526
240420201527
240420201528
240420201529
240420201530
240420201531
240420201532
240420201533
240420201534
240420201535
240420201536
240420201537
240420201538
240420201539
240420201540
240420201541
240420201542
240420201543
240420201544
240420201545
240420201546
240420201547
240420201548
240420201549
240420201550
240420201551
240420201552
240420201553
240420201554
240420201555
240420201556
240420201557
240420201558
240420201559
240420201600
240420201601
240420201602
240420201603
240420201604
240420201605
240420201606
240420201607
240420201608
240420201609
240420201610
240420201611
240420201612
240420201613
240420201614
240420201615
240420201616
240420201617
240420201618
240420201619
240420201620
240420201621
240420201622
240420201623
240420201624
240420201625
240420201626
240420201627
240420201628
240420201629
240420201630
240420201631
240420201632
240420201633
240420201634
240420201635
240420201636
240420201637
240420201638
240420201639
240420201640
240420201641
240420201642
240420201643
240420201644
240420201645
240420201646
240420201647
240420201648
240420201649
240420201650
240420201651
240420201652
240420201653
240420201654
240420201655
240420201656
240420201657
240420201658
240420201659
240420201700
240420201701
240420201702
240420201703
240420201704
240420201705
240420201706
240420201707
240420201708
240420201709
240420201710
240420201711
240420201712
240420201713
240420201714
240420201715
240420201716
240420201717
240420201718
240420201719
240420201720
240420201721
240420201722
240420201723
240420201724
240420201725
240420201726
240420201727
240420201728
240420201729
240420201730
240420201731
240420201732
240420201733
240420201734
240420201735
240420201736
240420201737
240420201738
240420201739
240420201740
240420201741
240420201742
240420201743
240420201744
240420201745
240420201746
240420201747
240420201748
240420201749
240420201750
240420201751
240420201752
240420201753
240420201754
240420201755
240420201756
240420201757
240420201758
240420201759
240420201800
240420201801
240420201802
240420201803
240420201804
240420201805
240420201806
240420201807
240420201808
240420201809
240420201810
240420201811
240420201812
240420201813
240420201814
240420201815
240420201816
240420201817
240420201818
240420201819
240420201820
240420201821
240420201822
240420201823
240420201824
240420201825
240420201826
240420201827
240420201828
240420201829
240420201830
240420201831
240420201832
240420201833
240420201834
240420201835
240420201836
240420201837
240420201838
240420201839
240420201840
240420201841
240420201842
240420201843
240420201844
240420201845
240420201846
240420201847
240420201848
240420201849
240420201850
240420201851
240420201852
240420201853
240420201854
240420201855
240420201856
240420201857
240420201858
240420201859
240420201900
240420201901
240420201902
240420201903
240420201904
240420201905
240420201906
240420201907
240420201908
240420201909
240420201910
240420201911
240420201912
240420201913
240420201914
240420201915
240420201916
240420201917
240420201918
240420201919
240420201920
240420201921
240420201922
240420201923
240420201924
240420201925
240420201926
240420201927
240420201928
240420201929
240420201930
240420201931
240420201932
240420201933
240420201934
240420201935
240420201936
240420201937
240420201938
240420201939
240420201940
240420201941
240420201942
240420201943
240420201944
240420201945
240420201946
240420201947
240420201948
240420201949
240420201950
240420201951
240420201952
240420201953
240420201954
240420201955
240420201956
240420201957
240420201958
240420201959
240420202000
240420202001
240420202002
240420202003
240420202004
240420202005
240420202006
240420202007
240420202008
240420202009
240420202010
240420202011
240420202012
240420202013
240420202014
240420202015
240420202016
240420202017
240420202018
240420202019
240420202020
240420202021
240420202022
240420202023
240420202024
240420202025
240420202026
240420202027
240420202028
240420202029
240420202030
240420202031
240420202032
240420202033
240420202034
240420202035
240420202036
240420202037
240420202038
240420202039
240420202040
240420202041
240420202042
240420202043
240420202044
240420202045
240420202046
240420202047
240420202048
240420202049
240420202050
240420202051
240420202052
240420202053
240420202054
240420202055
240420202056
240420202057
240420202058
240420202059
240420202100
240420202101
240420202102
240420202103
240420202104
240420202105
240420202106
240420202107
240420202108
240420202109
240420202110
240420202111
240420202112
240420202113
240420202114
240420202115
240420202116
240420202117
240420202118
240420202119
240420202120
240420202121
240420202122
240420202123
240420202124
240420202125
240420202126
240420202127
240420202128
240420202129
240420202130
240420202131
240420202132
240420202133
240420202134
240420202135
240420202136
240420202137
240420202138
240420202139
240420202140
240420202141
240420202142
240420202143
240420202144
240420202145
240420202146
240420202147
240420202148
240420202149
240420202150
240420202151
240420202152
240420202153
240420202154
240420202155
240420202156
240420202157
240420202158
240420202159
240420202200
240420202201
240420202202
240420202203
240420202204
240420202205
240420202206
240420202207
240420202208
240420202209
240420202210
240420202211
240420202212
240420202213
240420202214
240420202215
240420202216
240420202217
240420202218
240420202219
240420202220
240420202221
240420202222
240420202223
240420202224
240420202225
240420202226
240420202227
240420202228
240420202229
240420202230
240420202231
240420202232
240420202233
240420202234
240420202235
240420202236
240420202237
240420202238
240420202239
240420202240
240420202241
240420202242
240420202243
240420202244
240420202245
240420202246
240420202247
240420202248
240420202249
240420202250
240420202251
240420202252
240420202253
240420202254
240420202255
240420202256
240420202257
240420202258
240420202259
240420202300
240420202301
240420202302
240420202303
240420202304
240420202305
240420202306
240420202307
240420202308
240420202309
240420202310
240420202311
240420202312
240420202313
240420202314
240420202315
240420202316
240420202317
240420202318
240420202319
240420202320
240420202321
240420202322
240420202323
240420202324
240420202325
240420202326
240420202327
240420202328
240420202329
240420202330
240420202331
240420202332
240420202333
240420202334
240420202335
240420202336
240420202337
240420202338
240420202339
240420202340
240420202341
240420202342
240420202343
240420202344
240420202345
240420202346
240420202347
240420202348
240420202349
240420202350
240420202351
240420202352
240420202353
240420202354
240420202355
240420202356
240420202357
240420202358
240420202359
250420200000
250420200001
250420200002
250420200003
250420200004
250420200005
250420200006
250420200007
250420200008
250420200009
250420200010
250420200011
250420200012
250420200013
250420200014
250420200015
250420200016
250420200017
250420200018
250420200019
250420200020
250420200021
250420200022
250420200023
250420200024
250420200025
250420200026
250420200027
250420200028
250420200029
250420200030
250420200031
250420200032
250420200033
250420200034
250420200035
250420200036
250420200037
250420200038
250420200039
250420200040
250420200041
250420200042
250420200043
250420200044
250420200045
250420200046
250420200047
250420200048
250420200049
250420200050
250420200051
250420200052
250420200053
250420200054
250420200055
250420200056
250420200057
250420200058
250420200059
250420200100
250420200101
250420200102
250420200103
250420200104
250420200105
250420200106
250420200107
250420200108
250420200109
250420200110
250420200111
250420200112
250420200113
250420200114
250420200115
250420200116
250420200117
250420200118
250420200119
250420200120
250420200121
250420200122
250420200123
250420200124
250420200125
250420200126
250420200127
250420200128
250420200129
250420200130
250420200131
250420200132
250420200133
250420200134
250420200135
250420200136
250420200137
250420200138
250420200139
250420200140
250420200141
250420200142
250420200143
250420200144
250420200145
250420200146
250420200147
250420200148
250420200149
250420200150
250420200151
250420200152
250420200153
250420200154
250420200155
250420200156
250420200157
250420200158
250420200159
250420200200
250420200201
250420200202
250420200203
250420200204
250420200205
250420200206
250420200207
250420200208
250420200209
250420200210
250420200211
250420200212
250420200213
250420200214
250420200215
250420200216
250420200217
250420200218
250420200219
250420200220
250420200221
250420200222
250420200223
250420200224
250420200225
250420200226
250420200227
250420200228
250420200229
250420200230
250420200231
250420200232
250420200233
250420200234
250420200235
250420200236
250420200237
250420200238
250420200239
250420200240
250420200241
250420200242
250420200243
250420200244
250420200245
250420200246
250420200247
250420200248
250420200249
250420200250
250420200251
250420200252
250420200253
250420200254
250420200255
250420200256
250420200257
250420200258
250420200259
250420200300
250420200301
250420200302
250420200303
250420200304
250420200305
250420200306
250420200307
250420200308
250420200309
250420200310
250420200311
250420200312
250420200313
250420200314
250420200315
250420200316
250420200317
250420200318
250420200319
250420200320
250420200321
250420200322
250420200323
250420200324
250420200325
250420200326
250420200327
250420200328
250420200329
250420200330
250420200331
250420200332
250420200333
250420200334
250420200335
250420200336
250420200337
250420200338
250420200339
250420200340
250420200341
250420200342
250420200343
250420200344
250420200345
250420200346
250420200347
250420200348
250420200349
250420200350
250420200351
250420200352
250420200353
250420200354
250420200355
250420200356
250420200357
250420200358
250420200359
250420200400
250420200401
250420200402
250420200403
250420200404
250420200405
250420200406
250420200407
250420200408
250420200409
250420200410
250420200411
250420200412
250420200413
250420200414
250420200415
250420200416
250420200417
250420200418
250420200419
250420200420
250420200421
250420200422
250420200423
250420200424
250420200425
250420200426
250420200427
250420200428
250420200429
250420200430
250420200431
250420200432
250420200433
250420200434
250420200435
250420200436
250420200437
250420200438
250420200439
250420200440
250420200441
250420200442
250420200443
250420200444
250420200445
250420200446
250420200447
250420200448
250420200449
250420200450
250420200451
250420200452
250420200453
250420200454
250420200455
250420200456
250420200457
250420200458
250420200459
250420200500
250420200501
250420200502
250420200503
250420200504
250420200505
250420200506
250420200507
250420200508
250420200509
250420200510
250420200511
250420200512
250420200513
250420200514
250420200515
250420200516
250420200517
250420200518
250420200519
250420200520
250420200521
250420200522
250420200523
250420200524
250420200525
250420200526
250420200527
250420200528
250420200529
250420200530
250420200531
250420200532
250420200533
250420200534
250420200535
250420200536
250420200537
250420200538
250420200539
250420200540
250420200541
250420200542
250420200543
250420200544
250420200545
250420200546
250420200547
250420200548
250420200549
250420200550
250420200551
250420200552
250420200553
250420200554
250420200555
250420200556
250420200557
250420200558
250420200559
250420200600
250420200601
250420200602
250420200603
250420200604
250420200605
250420200606
250420200607
250420200608
250420200609
250420200610
250420200611
250420200612
250420200613
250420200614
250420200615
250420200616
250420200617
250420200618
250420200619
250420200620
250420200621
250420200622
250420200623
250420200624
250420200625
250420200626
250420200627
250420200628
250420200629
250420200630
250420200631
250420200632
250420200633
250420200634
250420200635
250420200636
250420200637
250420200638
250420200639
250420200640
250420200641
250420200642
250420200643
250420200644
250420200645
250420200646
250420200647
250420200648
250420200649
250420200650
250420200651
250420200652
250420200653
250420200654
250420200655
250420200656
250420200657
250420200658
250420200659
250420200700
250420200701
250420200702
250420200703
250420200704
250420200705
250420200706
250420200707
250420200708
250420200709
250420200710
250420200711
250420200712
250420200713
250420200714
250420200715
250420200716
250420200717
250420200718
250420200719
250420200720
250420200721
250420200722
250420200723
250420200724
250420200725
250420200726
250420200727
250420200728
250420200729
250420200730
250420200731
250420200732
250420200733
250420200734
250420200735
250420200736
250420200737
250420200738
250420200739
250420200740
250420200741
250420200742
250420200743
250420200744
250420200745
250420200746
250420200747
250420200748
250420200749
250420200750
250420200751
250420200752
250420200753
250420200754
250420200755
250420200756
250420200757
250420200758
250420200759
250420200800
250420200801
250420200802
250420200803
250420200804
250420200805
250420200806
250420200807
250420200808
250420200809
250420200810
250420200811
250420200812
250420200813
250420200814
250420200815
250420200816
250420200817
250420200818
250420200819
250420200820
250420200821
250420200822
250420200823
250420200824
250420200825
250420200826
250420200827
250420200828
250420200829
250420200830
250420200831
250420200832
250420200833
250420200834
250420200835
250420200836
250420200837
250420200838
250420200839
250420200840
250420200841
250420200842
250420200843
250420200844
250420200845
250420200846
250420200847
250420200848
250420200849
250420200850
250420200851
250420200852
250420200853
250420200854
250420200855
250420200856
250420200857
250420200858
250420200859
250420200900
250420200901
250420200902
250420200903
250420200904
250420200905
250420200906
250420200907
250420200908
250420200909
250420200910
250420200911
250420200912
250420200913
250420200914
250420200915
250420200916
250420200917
250420200918
250420200919
250420200920
250420200921
250420200922
250420200923
250420200924
250420200925
250420200926
250420200927
250420200928
250420200929
250420200930
250420200931
250420200932
250420200933
250420200934
250420200935
250420200936
250420200937
250420200938
250420200939
250420200940
250420200941
250420200942
250420200943
250420200944
250420200945
250420200946
250420200947
250420200948
250420200949
250420200950
250420200951
250420200952
250420200953
250420200954
250420200955
250420200956
250420200957
250420200958
250420200959
250420201000
250420201001
250420201002
250420201003
250420201004
250420201005
250420201006
250420201007
250420201008
250420201009
250420201010
250420201011
250420201012
250420201013
250420201014
250420201015
250420201016
250420201017
250420201018
250420201019
250420201020
250420201021
250420201022
250420201023
250420201024
250420201025
250420201026
250420201027
250420201028
250420201029
250420201030
250420201031
250420201032
250420201033
250420201034
250420201035
250420201036
250420201037
250420201038
250420201039
250420201040
250420201041
250420201042
250420201043
250420201044
250420201045
250420201046
250420201047
250420201048
250420201049
250420201050
250420201051
250420201052
250420201053
250420201054
250420201055
250420201056
250420201057
250420201058
250420201059
250420201100
250420201101
250420201102
250420201103
250420201104
250420201105
250420201106
250420201107
250420201108
250420201109
250420201110
250420201111
250420201112
250420201113
250420201114
250420201115
250420201116
250420201117
250420201118
250420201119
250420201120
250420201121
250420201122
250420201123
250420201124
250420201125
250420201126
250420201127
250420201128
250420201129
250420201130
250420201131
250420201132
250420201133
250420201134
250420201135
250420201136
250420201137
250420201138
250420201139
250420201140
250420201141
250420201142
250420201143
250420201144
250420201145
250420201146
250420201147
250420201148
250420201149
250420201150
250420201151
250420201152
250420201153
250420201154
250420201155
250420201156
250420201157
250420201158
250420201159
250420201200
250420201201
250420201202
250420201203
250420201204
250420201205
250420201206
250420201207
250420201208
250420201209
250420201210
250420201211
250420201212
250420201213
250420201214
250420201215
250420201216
250420201217
250420201218
250420201219
250420201220
250420201221
250420201222
250420201223
250420201224
250420201225
250420201226
250420201227
250420201228
250420201229
250420201230
250420201231
250420201232
250420201233
250420201234
250420201235
250420201236
250420201237
250420201238
250420201239
250420201240
250420201241
250420201242
250420201243
250420201244
250420201245
250420201246
250420201247
250420201248
250420201249
250420201250
250420201251
250420201252
250420201253
250420201254
250420201255
250420201256
250420201257
250420201258
250420201259
250420201300
250420201301
250420201302
250420201303
250420201304
250420201305
250420201306
250420201307
250420201308
250420201309
250420201310
250420201311
250420201312
250420201313
250420201314
250420201315
250420201316
250420201317
250420201318
250420201319
250420201320
250420201321
250420201322
250420201323
250420201324
250420201325
250420201326
250420201327
250420201328
250420201329
250420201330
250420201331
250420201332
250420201333
250420201334
250420201335
250420201336
250420201337
250420201338
250420201339
250420201340
250420201341
250420201342
250420201343
250420201344
250420201345
250420201346
250420201347
250420201348
250420201349
250420201350
250420201351
250420201352
250420201353
250420201354
250420201355
250420201356
250420201357
250420201358
250420201359
250420201400
250420201401
250420201402
250420201403
250420201404
250420201405
250420201406
250420201407
250420201408
250420201409
250420201410
250420201411
250420201412
250420201413
250420201414
250420201415
250420201416
250420201417
250420201418
250420201419
250420201420
250420201421
250420201422
250420201423
250420201424
250420201425
250420201426
250420201427
250420201428
250420201429
250420201430
250420201431
250420201432
250420201433
250420201434
250420201435
250420201436
250420201437
250420201438
250420201439
250420201440
250420201441
250420201442
250420201443
250420201444
250420201445
250420201446
250420201447
250420201448
250420201449
250420201450
250420201451
250420201452
250420201453
250420201454
250420201455
250420201456
250420201457
250420201458
250420201459
250420201500
250420201501
250420201502
250420201503
250420201504
250420201505
250420201506
250420201507
250420201508
250420201509
250420201510
250420201511
250420201512
250420201513
250420201514
250420201515
250420201516
250420201517
250420201518
250420201519
250420201520
250420201521
250420201522
250420201523
250420201524
250420201525
250420201526
250420201527
250420201528
250420201529
250420201530
250420201531
250420201532
250420201533
250420201534
250420201535
250420201536
250420201537
250420201538
250420201539
250420201540
250420201541
250420201542
250420201543
250420201544
250420201545
250420201546
250420201547
250420201548
250420201549
250420201550
250420201551
250420201552
250420201553
250420201554
250420201555
250420201556
250420201557
250420201558
250420201559
250420201600
250420201601
250420201602
250420201603
250420201604
250420201605
250420201606
250420201607
250420201608
250420201609
250420201610
250420201611
250420201612
250420201613
250420201614
250420201615
250420201616
250420201617
250420201618
250420201619
250420201620
250420201621
250420201622
250420201623
250420201624
250420201625
250420201626
250420201627
250420201628
250420201629
250420201630
250420201631
250420201632
250420201633
250420201634
250420201635
250420201636
250420201637
250420201638
250420201639
250420201640
250420201641
250420201642
250420201643
250420201644
250420201645
250420201646
250420201647
250420201648
250420201649
250420201650
250420201651
250420201652
250420201653
250420201654
250420201655
250420201656
250420201657
250420201658
250420201659
250420201700
250420201701
250420201702
250420201703
250420201704
250420201705
250420201706
250420201707
250420201708
250420201709
250420201710
250420201711
250420201712
250420201713
250420201714
250420201715
250420201716
250420201717
250420201718
250420201719
250420201720
250420201721
250420201722
250420201723
250420201724
250420201725
250420201726
250420201727
250420201728
250420201729
250420201730
250420201731
250420201732
250420201733
250420201734
250420201735
250420201736
250420201737
250420201738
250420201739
250420201740
250420201741
250420201742
250420201743
250420201744
250420201745
250420201746
250420201747
250420201748
250420201749
250420201750
250420201751
250420201752
250420201753
250420201754
250420201755
250420201756
250420201757
250420201758
250420201759
250420201800
250420201801
250420201802
250420201803
250420201804
250420201805
250420201806
250420201807
250420201808
250420201809
250420201810
250420201811
250420201812
250420201813
250420201814
250420201815
250420201816
250420201817
250420201818
250420201819
250420201820
250420201821
250420201822
250420201823
250420201824
250420201825
250420201826
250420201827
250420201828
250420201829
250420201830
250420201831
250420201832
250420201833
250420201834
250420201835
250420201836
250420201837
250420201838
250420201839
250420201840
250420201841
250420201842
250420201843
250420201844
250420201845
250420201846
250420201847
250420201848
250420201849
250420201850
250420201851
250420201852
250420201853
250420201854
250420201855
250420201856
250420201857
250420201858
250420201859
250420201900
250420201901
250420201902
250420201903
250420201904
250420201905
250420201906
250420201907
250420201908
250420201909
250420201910
250420201911
250420201912
250420201913
250420201914
250420201915
250420201916
250420201917
250420201918
250420201919
250420201920
250420201921
250420201922
250420201923
250420201924
250420201925
250420201926
250420201927
250420201928
250420201929
250420201930
250420201931
250420201932
250420201933
250420201934
250420201935
250420201936
250420201937
250420201938
250420201939
250420201940
250420201941
250420201942
250420201943
250420201944
250420201945
250420201946
250420201947
250420201948
250420201949
250420201950
250420201951
250420201952
250420201953
250420201954
250420201955
250420201956
250420201957
250420201958
250420201959
250420202000
250420202001
250420202002
250420202003
250420202004
250420202005
250420202006
250420202007
250420202008
250420202009
250420202010
250420202011
250420202012
250420202013
250420202014
250420202015
250420202016
250420202017
250420202018
250420202019
250420202020
250420202021
250420202022
250420202023
250420202024
250420202025
250420202026
250420202027
250420202028
250420202029
250420202030
250420202031
250420202032
250420202033
250420202034
250420202035
250420202036
250420202037
250420202038
250420202039
250420202040
250420202041
250420202042
250420202043
250420202044
250420202045
250420202046
250420202047
250420202048
250420202049
250420202050
250420202051
250420202052
250420202053
250420202054
250420202055
250420202056
250420202057
250420202058
250420202059
250420202100
250420202101
250420202102
250420202103
250420202104
250420202105
250420202106
250420202107
250420202108
250420202109
250420202110
250420202111
250420202112
250420202113
250420202114
250420202115
250420202116
250420202117
250420202118
250420202119
250420202120
250420202121
250420202122
250420202123
250420202124
250420202125
250420202126
250420202127
250420202128
250420202129
250420202130
250420202131
250420202132
250420202133
250420202134
250420202135
250420202136
250420202137
250420202138
250420202139
250420202140
250420202141
250420202142
250420202143
250420202144
250420202145
250420202146
250420202147
250420202148
250420202149
250420202150
250420202151
250420202152
250420202153
250420202154
250420202155
250420202156
250420202157
250420202158
250420202159
250420202200
250420202201
250420202202
250420202203
250420202204
250420202205
250420202206
250420202207
250420202208
250420202209
250420202210
250420202211
250420202212
250420202213
250420202214
250420202215
250420202216
250420202217
250420202218
250420202219
250420202220
250420202221
250420202222
250420202223
250420202224
250420202225
250420202226
250420202227
250420202228
250420202229
250420202230
250420202231
250420202232
250420202233
250420202234
250420202235
250420202236
250420202237
250420202238
250420202239
250420202240
250420202241
250420202242
250420202243
250420202244
250420202245
250420202246
250420202247
250420202248
250420202249
250420202250
250420202251
250420202252
250420202253
250420202254
250420202255
250420202256
250420202257
250420202258
250420202259
250420202300
250420202301
250420202302
250420202303
250420202304
250420202305
250420202306
250420202307
250420202308
250420202309
250420202310
250420202311
250420202312
250420202313
250420202314
250420202315
250420202316
250420202317
250420202318
250420202319
250420202320
250420202321
250420202322
250420202323
250420202324
250420202325
250420202326
250420202327
250420202328
250420202329
250420202330
250420202331
250420202332
250420202333
250420202334
250420202335
250420202336
250420202337
250420202338
250420202339
250420202340
250420202341
250420202342
250420202343
250420202344
250420202345
250420202346
250420202347
250420202348
250420202349
250420202350
250420202351
250420202352
250420202353
250420202354
250420202355
250420202356
250420202357
250420202358
250420202359
