0.000000 1.000000
0.010000 1.005050
0.020000 1.010203
0.030000 1.015460
0.040000 1.020825
0.050000 1.026299
0.060000 1.031885
0.070000 1.037587
0.080000 1.043406
0.090000 1.049345
0.100000 1.055409
0.110000 1.061599
0.120000 1.067920
0.130000 1.074374
0.140000 1.080964
0.150000 1.087695
0.160000 1.094571
0.170000 1.101595
0.180000 1.108770
0.190000 1.116103
0.200000 1.123596
0.210000 1.131254
0.220000 1.139082
0.230000 1.147085
0.240000 1.155268
0.250000 1.163636
0.260000 1.172196
0.270000 1.180951
0.280000 1.189910
0.290000 1.199077
0.300000 1.208459
0.310000 1.218064
0.320000 1.227898
0.330000 1.237968
0.340000 1.248284
0.350000 1.258851
0.360000 1.269680
0.370000 1.280779
0.380000 1.292157
0.390000 1.303823
0.400000 1.315789
0.410000 1.328065
0.420000 1.340662
0.430000 1.353592
0.440000 1.366867
0.450000 1.380500
0.460000 1.394506
0.470000 1.408897
0.480000 1.423690
0.490000 1.438901
0.500000 1.454545
0.510000 1.470642
0.520000 1.487210
0.530000 1.504268
0.540000 1.521838
0.550000 1.539942
0.560000 1.558603
0.570000 1.577847
0.580000 1.597699
0.590000 1.618188
0.600000 1.639344
0.610000 1.661199
0.620000 1.683785
0.630000 1.707140
0.640000 1.731302
0.650000 1.756312
0.660000 1.782214
0.670000 1.809054
0.680000 1.836885
0.690000 1.865759
0.700000 1.895735
0.710000 1.926875
0.720000 1.959248
0.730000 1.992925
0.740000 2.027986
0.750000 2.064516
0.760000 2.102607
0.770000 2.142360
0.780000 2.183883
0.790000 2.227296
0.800000 2.272727
0.810000 2.320320
0.820000 2.370230
0.830000 2.422627
0.840000 2.477701
0.850000 2.535658
0.860000 2.596728
0.870000 2.661167
0.880000 2.729258
0.890000 2.801317
0.900000 2.877698
0.910000 2.958799
0.920000 3.045067
0.930000 3.137009
0.940000 3.235199
0.950000 3.340292
0.960000 3.453039
0.970000 3.574301
0.980000 3.705076
0.990000 3.846524
1.000000 4.000000
