0.000000 1.000000
0.001000 1.000501
0.002000 1.001002
0.003000 1.001505
0.004000 1.002008
0.005000 1.002513
0.006000 1.003018
0.007000 1.003525
0.008000 1.004032
0.009000 1.004541
0.010000 1.005050
0.011000 1.005561
0.012000 1.006073
0.013000 1.006585
0.014000 1.007099
0.015000 1.007614
0.016000 1.008130
0.017000 1.008646
0.018000 1.009164
0.019000 1.009683
0.020000 1.010203
0.021000 1.010724
0.022000 1.011246
0.023000 1.011769
0.024000 1.012293
0.025000 1.012818
0.026000 1.013345
0.027000 1.013872
0.028000 1.014400
0.029000 1.014930
0.030000 1.015460
0.031000 1.015992
0.032000 1.016525
0.033000 1.017058
0.034000 1.017593
0.035000 1.018129
0.036000 1.018666
0.037000 1.019204
0.038000 1.019743
0.039000 1.020283
0.040000 1.020825
0.041000 1.021367
0.042000 1.021911
0.043000 1.022455
0.044000 1.023001
0.045000 1.023548
0.046000 1.024096
0.047000 1.024645
0.048000 1.025195
0.049000 1.025746
0.050000 1.026299
0.051000 1.026852
0.052000 1.027407
0.053000 1.027963
0.054000 1.028520
0.055000 1.029078
0.056000 1.029637
0.057000 1.030197
0.058000 1.030759
0.059000 1.031321
0.060000 1.031885
0.061000 1.032450
0.062000 1.033016
0.063000 1.033583
0.064000 1.034152
0.065000 1.034721
0.066000 1.035292
0.067000 1.035864
0.068000 1.036437
0.069000 1.037011
0.070000 1.037587
0.071000 1.038163
0.072000 1.038741
0.073000 1.039320
0.074000 1.039900
0.075000 1.040481
0.076000 1.041064
0.077000 1.041647
0.078000 1.042232
0.079000 1.042818
0.080000 1.043406
0.081000 1.043994
0.082000 1.044584
0.083000 1.045175
0.084000 1.045767
0.085000 1.046360
0.086000 1.046955
0.087000 1.047551
0.088000 1.048148
0.089000 1.048746
0.090000 1.049345
0.091000 1.049946
0.092000 1.050548
0.093000 1.051151
0.094000 1.051756
0.095000 1.052362
0.096000 1.052969
0.097000 1.053577
0.098000 1.054186
0.099000 1.054797
0.100000 1.055409
0.101000 1.056022
0.102000 1.056637
0.103000 1.057253
0.104000 1.057870
0.105000 1.058488
0.106000 1.059108
0.107000 1.059729
0.108000 1.060351
0.109000 1.060974
0.110000 1.061599
0.111000 1.062225
0.112000 1.062853
0.113000 1.063482
0.114000 1.064112
0.115000 1.064743
0.116000 1.065376
0.117000 1.066010
0.118000 1.066645
0.119000 1.067282
0.120000 1.067920
0.121000 1.068559
0.122000 1.069200
0.123000 1.069842
0.124000 1.070485
0.125000 1.071130
0.126000 1.071776
0.127000 1.072423
0.128000 1.073072
0.129000 1.073722
0.130000 1.074374
0.131000 1.075026
0.132000 1.075681
0.133000 1.076336
0.134000 1.076993
0.135000 1.077652
0.136000 1.078311
0.137000 1.078972
0.138000 1.079635
0.139000 1.080299
0.140000 1.080964
0.141000 1.081631
0.142000 1.082299
0.143000 1.082969
0.144000 1.083640
0.145000 1.084312
0.146000 1.084986
0.147000 1.085661
0.148000 1.086338
0.149000 1.087016
0.150000 1.087695
0.151000 1.088376
0.152000 1.089059
0.153000 1.089743
0.154000 1.090428
0.155000 1.091115
0.156000 1.091803
0.157000 1.092493
0.158000 1.093184
0.159000 1.093877
0.160000 1.094571
0.161000 1.095267
0.162000 1.095964
0.163000 1.096662
0.164000 1.097362
0.165000 1.098064
0.166000 1.098767
0.167000 1.099472
0.168000 1.100178
0.169000 1.100885
0.170000 1.101595
0.171000 1.102305
0.172000 1.103017
0.173000 1.103731
0.174000 1.104446
0.175000 1.105163
0.176000 1.105882
0.177000 1.106601
0.178000 1.107323
0.179000 1.108046
0.180000 1.108770
0.181000 1.109496
0.182000 1.110224
0.183000 1.110953
0.184000 1.111684
0.185000 1.112417
0.186000 1.113151
0.187000 1.113886
0.188000 1.114623
0.189000 1.115362
0.190000 1.116103
0.191000 1.116845
0.192000 1.117588
0.193000 1.118333
0.194000 1.119080
0.195000 1.119829
0.196000 1.120579
0.197000 1.121330
0.198000 1.122084
0.199000 1.122839
0.200000 1.123596
0.201000 1.124354
0.202000 1.125114
0.203000 1.125875
0.204000 1.126639
0.205000 1.127404
0.206000 1.128170
0.207000 1.128939
0.208000 1.129709
0.209000 1.130480
0.210000 1.131254
0.211000 1.132029
0.212000 1.132806
0.213000 1.133584
0.214000 1.134364
0.215000 1.135146
0.216000 1.135930
0.217000 1.136715
0.218000 1.137502
0.219000 1.138291
0.220000 1.139082
0.221000 1.139874
0.222000 1.140668
0.223000 1.141464
0.224000 1.142262
0.225000 1.143061
0.226000 1.143862
0.227000 1.144665
0.228000 1.145470
0.229000 1.146277
0.230000 1.147085
0.231000 1.147895
0.232000 1.148707
0.233000 1.149521
0.234000 1.150336
0.235000 1.151154
0.236000 1.151973
0.237000 1.152794
0.238000 1.153617
0.239000 1.154441
0.240000 1.155268
0.241000 1.156096
0.242000 1.156927
0.243000 1.157759
0.244000 1.158593
0.245000 1.159429
0.246000 1.160266
0.247000 1.161106
0.248000 1.161948
0.249000 1.162791
0.250000 1.163636
0.251000 1.164484
0.252000 1.165333
0.253000 1.166184
0.254000 1.167037
0.255000 1.167892
0.256000 1.168749
0.257000 1.169607
0.258000 1.170468
0.259000 1.171331
0.260000 1.172196
0.261000 1.173062
0.262000 1.173931
0.263000 1.174801
0.264000 1.175674
0.265000 1.176548
0.266000 1.177425
0.267000 1.178304
0.268000 1.179184
0.269000 1.180067
0.270000 1.180951
0.271000 1.181838
0.272000 1.182727
0.273000 1.183617
0.274000 1.184510
0.275000 1.185405
0.276000 1.186302
0.277000 1.187200
0.278000 1.188101
0.279000 1.189004
0.280000 1.189910
0.281000 1.190817
0.282000 1.191726
0.283000 1.192637
0.284000 1.193551
0.285000 1.194467
0.286000 1.195384
0.287000 1.196304
0.288000 1.197226
0.289000 1.198150
0.290000 1.199077
0.291000 1.200005
0.292000 1.200936
0.293000 1.201869
0.294000 1.202803
0.295000 1.203741
0.296000 1.204680
0.297000 1.205621
0.298000 1.206565
0.299000 1.207511
0.300000 1.208459
0.301000 1.209410
0.302000 1.210362
0.303000 1.211317
0.304000 1.212274
0.305000 1.213233
0.306000 1.214195
0.307000 1.215159
0.308000 1.216125
0.309000 1.217093
0.310000 1.218064
0.311000 1.219037
0.312000 1.220012
0.313000 1.220990
0.314000 1.221970
0.315000 1.222952
0.316000 1.223936
0.317000 1.224923
0.318000 1.225912
0.319000 1.226904
0.320000 1.227898
0.321000 1.228894
0.322000 1.229893
0.323000 1.230894
0.324000 1.231897
0.325000 1.232903
0.326000 1.233911
0.327000 1.234922
0.328000 1.235935
0.329000 1.236951
0.330000 1.237968
0.331000 1.238989
0.332000 1.240012
0.333000 1.241037
0.334000 1.242065
0.335000 1.243095
0.336000 1.244128
0.337000 1.245163
0.338000 1.246201
0.339000 1.247241
0.340000 1.248284
0.341000 1.249329
0.342000 1.250377
0.343000 1.251427
0.344000 1.252480
0.345000 1.253535
0.346000 1.254593
0.347000 1.255654
0.348000 1.256717
0.349000 1.257783
0.350000 1.258851
0.351000 1.259922
0.352000 1.260996
0.353000 1.262072
0.354000 1.263151
0.355000 1.264232
0.356000 1.265317
0.357000 1.266403
0.358000 1.267493
0.359000 1.268585
0.360000 1.269680
0.361000 1.270778
0.362000 1.271878
0.363000 1.272981
0.364000 1.274087
0.365000 1.275195
0.366000 1.276306
0.367000 1.277420
0.368000 1.278537
0.369000 1.279656
0.370000 1.280779
0.371000 1.281904
0.372000 1.283032
0.373000 1.284162
0.374000 1.285296
0.375000 1.286432
0.376000 1.287571
0.377000 1.288713
0.378000 1.289858
0.379000 1.291006
0.380000 1.292157
0.381000 1.293310
0.382000 1.294467
0.383000 1.295626
0.384000 1.296788
0.385000 1.297953
0.386000 1.299121
0.387000 1.300292
0.388000 1.301466
0.389000 1.302643
0.390000 1.303823
0.391000 1.305006
0.392000 1.306192
0.393000 1.307381
0.394000 1.308573
0.395000 1.309768
0.396000 1.310966
0.397000 1.312168
0.398000 1.313372
0.399000 1.314579
0.400000 1.315789
0.401000 1.317003
0.402000 1.318220
0.403000 1.319439
0.404000 1.320662
0.405000 1.321888
0.406000 1.323117
0.407000 1.324349
0.408000 1.325585
0.409000 1.326823
0.410000 1.328065
0.411000 1.329310
0.412000 1.330559
0.413000 1.331810
0.414000 1.333065
0.415000 1.334323
0.416000 1.335584
0.417000 1.336849
0.418000 1.338117
0.419000 1.339388
0.420000 1.340662
0.421000 1.341940
0.422000 1.343221
0.423000 1.344506
0.424000 1.345794
0.425000 1.347085
0.426000 1.348379
0.427000 1.349677
0.428000 1.350979
0.429000 1.352284
0.430000 1.353592
0.431000 1.354904
0.432000 1.356219
0.433000 1.357538
0.434000 1.358860
0.435000 1.360186
0.436000 1.361515
0.437000 1.362848
0.438000 1.364184
0.439000 1.365524
0.440000 1.366867
0.441000 1.368214
0.442000 1.369565
0.443000 1.370919
0.444000 1.372277
0.445000 1.373638
0.446000 1.375003
0.447000 1.376372
0.448000 1.377744
0.449000 1.379121
0.450000 1.380500
0.451000 1.381884
0.452000 1.383271
0.453000 1.384662
0.454000 1.386057
0.455000 1.387456
0.456000 1.388858
0.457000 1.390264
0.458000 1.391674
0.459000 1.393088
0.460000 1.394506
0.461000 1.395927
0.462000 1.397353
0.463000 1.398782
0.464000 1.400215
0.465000 1.401652
0.466000 1.403093
0.467000 1.404538
0.468000 1.405987
0.469000 1.407440
0.470000 1.408897
0.471000 1.410358
0.472000 1.411823
0.473000 1.413292
0.474000 1.414765
0.475000 1.416243
0.476000 1.417724
0.477000 1.419209
0.478000 1.420699
0.479000 1.422192
0.480000 1.423690
0.481000 1.425192
0.482000 1.426698
0.483000 1.428209
0.484000 1.429723
0.485000 1.431242
0.486000 1.432765
0.487000 1.434293
0.488000 1.435824
0.489000 1.437360
0.490000 1.438901
0.491000 1.440445
0.492000 1.441994
0.493000 1.443548
0.494000 1.445105
0.495000 1.446668
0.496000 1.448234
0.497000 1.449805
0.498000 1.451381
0.499000 1.452961
0.500000 1.454545
0.501000 1.456134
0.502000 1.457728
0.503000 1.459326
0.504000 1.460929
0.505000 1.462536
0.506000 1.464148
0.507000 1.465765
0.508000 1.467386
0.509000 1.469012
0.510000 1.470642
0.511000 1.472278
0.512000 1.473918
0.513000 1.475562
0.514000 1.477212
0.515000 1.478866
0.516000 1.480525
0.517000 1.482189
0.518000 1.483858
0.519000 1.485531
0.520000 1.487210
0.521000 1.488893
0.522000 1.490582
0.523000 1.492275
0.524000 1.493973
0.525000 1.495677
0.526000 1.497385
0.527000 1.499098
0.528000 1.500816
0.529000 1.502540
0.530000 1.504268
0.531000 1.506002
0.532000 1.507741
0.533000 1.509485
0.534000 1.511234
0.535000 1.512988
0.536000 1.514748
0.537000 1.516512
0.538000 1.518282
0.539000 1.520058
0.540000 1.521838
0.541000 1.523624
0.542000 1.525416
0.543000 1.527212
0.544000 1.529015
0.545000 1.530822
0.546000 1.532635
0.547000 1.534454
0.548000 1.536278
0.549000 1.538107
0.550000 1.539942
0.551000 1.541783
0.552000 1.543629
0.553000 1.545481
0.554000 1.547339
0.555000 1.549202
0.556000 1.551071
0.557000 1.552945
0.558000 1.554825
0.559000 1.556712
0.560000 1.558603
0.561000 1.560501
0.562000 1.562405
0.563000 1.564314
0.564000 1.566230
0.565000 1.568151
0.566000 1.570078
0.567000 1.572011
0.568000 1.573950
0.569000 1.575896
0.570000 1.577847
0.571000 1.579804
0.572000 1.581768
0.573000 1.583738
0.574000 1.585713
0.575000 1.587695
0.576000 1.589684
0.577000 1.591678
0.578000 1.593679
0.579000 1.595686
0.580000 1.597699
0.581000 1.599719
0.582000 1.601745
0.583000 1.603778
0.584000 1.605817
0.585000 1.607862
0.586000 1.609914
0.587000 1.611973
0.588000 1.614038
0.589000 1.616110
0.590000 1.618188
0.591000 1.620274
0.592000 1.622365
0.593000 1.624464
0.594000 1.626569
0.595000 1.628681
0.596000 1.630800
0.597000 1.632926
0.598000 1.635058
0.599000 1.637198
0.600000 1.639344
0.601000 1.641498
0.602000 1.643658
0.603000 1.645826
0.604000 1.648000
0.605000 1.650182
0.606000 1.652371
0.607000 1.654567
0.608000 1.656770
0.609000 1.658981
0.610000 1.661199
0.611000 1.663424
0.612000 1.665656
0.613000 1.667896
0.614000 1.670143
0.615000 1.672398
0.616000 1.674660
0.617000 1.676930
0.618000 1.679208
0.619000 1.681493
0.620000 1.683785
0.621000 1.686085
0.622000 1.688393
0.623000 1.690709
0.624000 1.693033
0.625000 1.695364
0.626000 1.697704
0.627000 1.700051
0.628000 1.702406
0.629000 1.704769
0.630000 1.707140
0.631000 1.709519
0.632000 1.711907
0.633000 1.714302
0.634000 1.716706
0.635000 1.719118
0.636000 1.721538
0.637000 1.723966
0.638000 1.726403
0.639000 1.728848
0.640000 1.731302
0.641000 1.733764
0.642000 1.736235
0.643000 1.738714
0.644000 1.741202
0.645000 1.743698
0.646000 1.746203
0.647000 1.748717
0.648000 1.751240
0.649000 1.753771
0.650000 1.756312
0.651000 1.758861
0.652000 1.761419
0.653000 1.763987
0.654000 1.766563
0.655000 1.769148
0.656000 1.771743
0.657000 1.774347
0.658000 1.776960
0.659000 1.779582
0.660000 1.782214
0.661000 1.784855
0.662000 1.787505
0.663000 1.790165
0.664000 1.792834
0.665000 1.795513
0.666000 1.798202
0.667000 1.800901
0.668000 1.803609
0.669000 1.806327
0.670000 1.809054
0.671000 1.811792
0.672000 1.814540
0.673000 1.817297
0.674000 1.820065
0.675000 1.822842
0.676000 1.825630
0.677000 1.828428
0.678000 1.831237
0.679000 1.834056
0.680000 1.836885
0.681000 1.839724
0.682000 1.842574
0.683000 1.845435
0.684000 1.848306
0.685000 1.851188
0.686000 1.854080
0.687000 1.856983
0.688000 1.859898
0.689000 1.862823
0.690000 1.865759
0.691000 1.868706
0.692000 1.871664
0.693000 1.874633
0.694000 1.877613
0.695000 1.880605
0.696000 1.883608
0.697000 1.886622
0.698000 1.889648
0.699000 1.892686
0.700000 1.895735
0.701000 1.898795
0.702000 1.901867
0.703000 1.904951
0.704000 1.908047
0.705000 1.911155
0.706000 1.914275
0.707000 1.917407
0.708000 1.920551
0.709000 1.923707
0.710000 1.926875
0.711000 1.930056
0.712000 1.933249
0.713000 1.936454
0.714000 1.939672
0.715000 1.942903
0.716000 1.946146
0.717000 1.949402
0.718000 1.952671
0.719000 1.955953
0.720000 1.959248
0.721000 1.962555
0.722000 1.965876
0.723000 1.969210
0.724000 1.972558
0.725000 1.975918
0.726000 1.979293
0.727000 1.982680
0.728000 1.986082
0.729000 1.989496
0.730000 1.992925
0.731000 1.996368
0.732000 1.999824
0.733000 2.003294
0.734000 2.006779
0.735000 2.010278
0.736000 2.013790
0.737000 2.017318
0.738000 2.020859
0.739000 2.024415
0.740000 2.027986
0.741000 2.031572
0.742000 2.035172
0.743000 2.038787
0.744000 2.042417
0.745000 2.046062
0.746000 2.049722
0.747000 2.053398
0.748000 2.057088
0.749000 2.060794
0.750000 2.064516
0.751000 2.068253
0.752000 2.072006
0.753000 2.075775
0.754000 2.079560
0.755000 2.083360
0.756000 2.087177
0.757000 2.091010
0.758000 2.094859
0.759000 2.098725
0.760000 2.102607
0.761000 2.106506
0.762000 2.110421
0.763000 2.114354
0.764000 2.118303
0.765000 2.122269
0.766000 2.126253
0.767000 2.130253
0.768000 2.134271
0.769000 2.138307
0.770000 2.142360
0.771000 2.146431
0.772000 2.150519
0.773000 2.154626
0.774000 2.158750
0.775000 2.162893
0.776000 2.167054
0.777000 2.171233
0.778000 2.175431
0.779000 2.179648
0.780000 2.183883
0.781000 2.188137
0.782000 2.192410
0.783000 2.196703
0.784000 2.201014
0.785000 2.205345
0.786000 2.209696
0.787000 2.214066
0.788000 2.218456
0.789000 2.222866
0.790000 2.227296
0.791000 2.231746
0.792000 2.236216
0.793000 2.240707
0.794000 2.245218
0.795000 2.249750
0.796000 2.254303
0.797000 2.258878
0.798000 2.263473
0.799000 2.268089
0.800000 2.272727
0.801000 2.277387
0.802000 2.282068
0.803000 2.286771
0.804000 2.291497
0.805000 2.296244
0.806000 2.301014
0.807000 2.305806
0.808000 2.310621
0.809000 2.315459
0.810000 2.320320
0.811000 2.325204
0.812000 2.330112
0.813000 2.335042
0.814000 2.339997
0.815000 2.344975
0.816000 2.349977
0.817000 2.355004
0.818000 2.360055
0.819000 2.365130
0.820000 2.370230
0.821000 2.375355
0.822000 2.380505
0.823000 2.385680
0.824000 2.390880
0.825000 2.396106
0.826000 2.401358
0.827000 2.406636
0.828000 2.411940
0.829000 2.417270
0.830000 2.422627
0.831000 2.428011
0.832000 2.433422
0.833000 2.438859
0.834000 2.444324
0.835000 2.449817
0.836000 2.455337
0.837000 2.460886
0.838000 2.466462
0.839000 2.472067
0.840000 2.477701
0.841000 2.483363
0.842000 2.489054
0.843000 2.494775
0.844000 2.500525
0.845000 2.506305
0.846000 2.512115
0.847000 2.517955
0.848000 2.523825
0.849000 2.529726
0.850000 2.535658
0.851000 2.541621
0.852000 2.547615
0.853000 2.553641
0.854000 2.559699
0.855000 2.565788
0.856000 2.571911
0.857000 2.578065
0.858000 2.584253
0.859000 2.590474
0.860000 2.596728
0.861000 2.603016
0.862000 2.609338
0.863000 2.615694
0.864000 2.622084
0.865000 2.628509
0.866000 2.634970
0.867000 2.641465
0.868000 2.647997
0.869000 2.654564
0.870000 2.661167
0.871000 2.667807
0.872000 2.674483
0.873000 2.681197
0.874000 2.687948
0.875000 2.694737
0.876000 2.701564
0.877000 2.708429
0.878000 2.715333
0.879000 2.722275
0.880000 2.729258
0.881000 2.736279
0.882000 2.743341
0.883000 2.750443
0.884000 2.757586
0.885000 2.764770
0.886000 2.771995
0.887000 2.779262
0.888000 2.786571
0.889000 2.793922
0.890000 2.801317
0.891000 2.808754
0.892000 2.816235
0.893000 2.823760
0.894000 2.831329
0.895000 2.838943
0.896000 2.846602
0.897000 2.854307
0.898000 2.862057
0.899000 2.869854
0.900000 2.877698
0.901000 2.885589
0.902000 2.893527
0.903000 2.901513
0.904000 2.909548
0.905000 2.917632
0.906000 2.925765
0.907000 2.933947
0.908000 2.942180
0.909000 2.950464
0.910000 2.958799
0.911000 2.967185
0.912000 2.975624
0.913000 2.984115
0.914000 2.992659
0.915000 3.001257
0.916000 3.009909
0.917000 3.018615
0.918000 3.027377
0.919000 3.036194
0.920000 3.045067
0.921000 3.053997
0.922000 3.062984
0.923000 3.072029
0.924000 3.081132
0.925000 3.090295
0.926000 3.099516
0.927000 3.108798
0.928000 3.118140
0.929000 3.127544
0.930000 3.137009
0.931000 3.146537
0.932000 3.156127
0.933000 3.165782
0.934000 3.175500
0.935000 3.185284
0.936000 3.195133
0.937000 3.205049
0.938000 3.215031
0.939000 3.225081
0.940000 3.235199
0.941000 3.245386
0.942000 3.255643
0.943000 3.265970
0.944000 3.276368
0.945000 3.286838
0.946000 3.297381
0.947000 3.307997
0.948000 3.318687
0.949000 3.329452
0.950000 3.340292
0.951000 3.351209
0.952000 3.362203
0.953000 3.373276
0.954000 3.384427
0.955000 3.395658
0.956000 3.406969
0.957000 3.418362
0.958000 3.429838
0.959000 3.441396
0.960000 3.453039
0.961000 3.464766
0.962000 3.476580
0.963000 3.488481
0.964000 3.500469
0.965000 3.512546
0.966000 3.524714
0.967000 3.536972
0.968000 3.549321
0.969000 3.561764
0.970000 3.574301
0.971000 3.586932
0.972000 3.599660
0.973000 3.612485
0.974000 3.625408
0.975000 3.638431
0.976000 3.651554
0.977000 3.664779
0.978000 3.678107
0.979000 3.691539
0.980000 3.705076
0.981000 3.718720
0.982000 3.732471
0.983000 3.746332
0.984000 3.760303
0.985000 3.774386
0.986000 3.788582
0.987000 3.802892
0.988000 3.817318
0.989000 3.831862
0.990000 3.846524
0.991000 3.861306
0.992000 3.876209
0.993000 3.891236
0.994000 3.906387
0.995000 3.921665
0.996000 3.937070
0.997000 3.952604
0.998000 3.968270
0.999000 3.984068
1.000000 4.000000
