1 1.00000000000000000000 
2 1.71828182845904510000 
3 0.46853639461338437000 
4 0.38309146593333138000 
5 0.17446789681151248000 
6 0.11156622525381316000 
7 0.05903350814408673400 
8 0.03480866979624527800 
9 0.01930803931259822800 
10 0.01108868242051569400 
11 0.00624419119183281750 
12 0.00355568413799569080 
13 0.00201196516135472350 
14 0.00114255640221412280 
15 0.00064751567797147181 
16 0.00036738772441948935 
17 0.00020831208480506653 
18 0.00011815868875657154 
19 0.00006700779701946470 
20 0.00003800466624170186 
21 0.00002155356273765976 
22 0.00001222412855473668 
23 0.00000693277778923042 
24 0.00000393189600171484 
25 0.00000222994277657318 
26 0.00000126469890414919 
27 0.00000071726491243240 
28 0.00000040679217089300 
29 0.00000023070938959308 
30 0.00000013084530182452 
31 0.00000007420802882198 
32 0.00000004208658767741 
33 0.00000002386912524835 
34 0.00000001353721457815 
35 0.00000000767754034165 
36 0.00000000435426537527 
37 0.00000000246949232572 
38 0.00000000140055601501 
39 0.00000000079431597859 
40 0.00000000045049102138 
41 0.00000000025549291257 
42 0.00000000014490094101 
43 0.00000000008217959632 
44 0.00000000004660760238 
45 0.00000000002643307565 
46 0.00000000001499127132 
47 0.00000000000850212058 
48 0.00000000000482188787 
49 0.00000000000273472611 
50 0.00000000000155098318 
51 0.00000000000087953647 
52 0.00000000000049878899 
53 0.00000000000028286895 
54 0.00000000000016032503 
55 0.00000000000009083128 
56 0.00000000000005148411 
57 0.00000000000002916780 
58 0.00000000000001644359 
59 0.00000000000000920058 
60 0.00000000000000508968 
61 0.00000000000000293636 
62 0.00000000000000176181 
63 0.00000000000000097879 
64 0.00000000000000058727 
65 0.00000000000000039151 
66 0.00000000000000019576 
