0 1.00000000000000000000 
1 0.76322283435189686000 
2 0.35134656903789757000 
3 0.22050395245829954000 
4 0.11755369581816866000 
5 0.06894244424114058500 
6 0.03834569640953235800 
7 0.02198570503159024600 
8 0.01239162865458006400 
9 0.00705258219224128790 
10 0.00399183602630394890 
11 0.00226650767277543480 
12 0.00128460880207917350 
13 0.00072882272520747107 
14 0.00041326150243126017 
15 0.00023440595707242587 
16 0.00013293292942062319 
17 0.00007539486104513121 
18 0.00004275877539060735 
19 0.00002425064661126307 
20 0.00001375349693337819 
21 0.00000780023392711289 
22 0.00000442384055002820 
23 0.00000250895463322717 
24 0.00000142293577365218 
25 0.00000080700880250445 
26 0.00000045768952280531 
27 0.00000025957557581155 
28 0.00000014721653519492 
29 0.00000008349287366075 
30 0.00000004735242196793 
31 0.00000002685560884695 
32 0.00000001523097818943 
33 0.00000000863814726510 
34 0.00000000489906724673 
35 0.00000000277847311625 
36 0.00000000157579225216 
37 0.00000000089370007577 
38 0.00000000050685593852 
39 0.00000000028746004030 
40 0.00000000016303098100 
41 0.00000000009246193159 
42 0.00000000005243900940 
43 0.00000000002974058692 
44 0.00000000001686701546 
45 0.00000000000956606019 
46 0.00000000000542521113 
47 0.00000000000307690945 
48 0.00000000000174497842 
49 0.00000000000098974769 
50 0.00000000000056123549 
51 0.00000000000031830098 
52 0.00000000000018048801 
53 0.00000000000010238094 
54 0.00000000000005794409 
55 0.00000000000003288719 
56 0.00000000000001859692 
57 0.00000000000001057088 
58 0.00000000000000587271 
59 0.00000000000000332787 
60 0.00000000000000176181 
61 0.00000000000000117454 
62 0.00000000000000058727 
63 0.00000000000000039151 
64 0.00000000000000019576 
65 0.00000000000000019576 
66 0.00000000000000000000 
